lambda_B = 
ITensor ord=2: (dim=5|id=967|"U,Link") (dim=5|id=714|"V,Link") 
{norm=10.75 (Diag Real)}
(1,1) 10.6607963
(2,2) 1.1670389
(3,3) 0.6148449
(4,4) 0.4906958
(5,5) 0.1670543

lambda_A = 
ITensor ord=2: (dim=5|id=655|"U,Link") (dim=5|id=965|"V,Link") 
{norm=2.28 (Diag Real)}
(1,1) 1.4997735
(2,2) 1.1985028
(3,3) 1.0638539
(4,4) 0.5163694
(5,5) 0.3043826


4.135908	7.454325	7.454325
lambda_B = 
ITensor ord=2: (dim=5|id=431|"U,Link") (dim=5|id=641|"V,Link") 
{norm=7.64 (Diag Real)}
(1,1) 7.4543247
(2,2) 1.4189451
(3,3) 0.7364724
(4,4) 0.4818125
(5,5) 0.1058692

lambda_A = 
ITensor ord=2: (dim=5|id=388|"U,Link") (dim=5|id=833|"V,Link") 
{norm=5.20 (Diag Real)}
(1,1) 4.1359084
(2,2) 2.3215662
(3,3) 1.9021156
(4,4) 0.8816214
(5,5) 0.4254857

Gamma_B = 
ITensor ord=3: (dim=2|id=943|"n=2,Site,S=1/2")' (dim=5|id=641|"V,Link") (dim=5|id=388|"U,Link") 
{norm=2.24 (Dense Real)}
(1,1,1) 0.6228314
(2,1,1) 0.5144078
(1,2,1) -0.003066
(2,2,1) 0.0434053
(1,3,1) -0.152323
(2,3,1) 0.0064811
(1,4,1) 0.3957489
(2,4,1) -0.233894
(1,5,1) 0.2390428
(2,5,1) -0.232083
(1,1,2) -0.156502
(2,1,2) -0.136379
(1,2,2) 0.0280262
(2,2,2) 0.1675141
(1,3,2) 0.1846305
(2,3,2) -0.555197
(1,4,2) 0.6938540
(2,4,2) -0.089173
(1,5,2) -0.233309
(2,5,2) 0.2047212
(1,1,3) -0.228710
(2,1,3) -0.055743
(1,2,3) -0.668843
(2,2,3) -0.054899
(1,3,3) 0.0644356
(2,3,3) -0.114099
(1,4,3) -0.010987
(2,4,3) -0.268039
(1,5,3) -0.093847
(2,5,3) -0.629504
(1,1,4) -0.129656
(2,1,4) 0.0231613
(1,2,4) 0.2141683
(2,2,4) -0.115580
(1,3,4) -0.635397
(2,3,4) -0.417656
(1,4,4) 0.0015099
(2,4,4) 0.4628897
(1,5,4) 0.0175939
(2,5,4) -0.361500
(1,1,5) 0.1095230
(2,1,5) -0.024474
(1,2,5) -0.016446
(2,2,5) 0.8868583
(1,3,5) -0.047557
(2,3,5) 0.1704165
(1,4,5) -0.060655
(2,4,5) 0.2186480
(1,5,5) -0.291107
(2,5,5) -0.181892

Gamma_A = 
ITensor ord=3: (dim=2|id=167|"n=1,Site,S=1/2")' (dim=5|id=431|"U,Link") (dim=5|id=833|"V,Link") 
{norm=2.24 (Dense Real)}
(1,1,1) 0.5513335
(2,1,1) 0.4293432
(1,2,1) -0.271209
(2,2,1) 0.3481410
(1,3,1) -0.247532
(2,3,1) 0.1363592
(1,4,1) -0.004101
(2,4,1) -0.431448
(1,5,1) 0.2238303
(2,5,1) -0.028442
(1,1,2) -0.326410
(2,1,2) -0.082073
(1,2,2) -0.333119
(2,2,2) -0.131780
(1,3,2) 0.3251724
(2,3,2) -0.133324
(1,4,2) -0.561700
(2,4,2) -0.429700
(1,5,2) 0.3516725
(2,5,2) -0.105126
(1,1,3) 0.0258937
(2,1,3) -0.184274
(1,2,3) -0.258871
(2,2,3) 0.1257671
(1,3,3) -0.338374
(2,3,3) -0.457738
(1,4,3) -0.253408
(2,4,3) -0.184614
(1,5,3) -0.651340
(2,5,3) 0.1896801
(1,1,4) -0.225932
(2,1,4) -0.089856
(1,2,4) 0.6486255
(2,2,4) 0.5195989
(1,3,4) -0.136995
(2,3,4) -0.308713
(1,4,4) -0.009789
(2,4,4) -0.279238
(1,5,4) 0.1851707
(2,5,4) -0.154121
(1,1,5) 0.2091378
(2,1,5) 0.3314857
(1,2,5) 0.0123349
(2,2,5) 0.1122902
(1,3,5) 0.7079712
(2,3,5) -0.513660
(1,4,5) 0.2003649
(2,4,5) 0.0331525
(1,5,5) -0.135180
(2,5,5) 0.0950194


13.860985	11.360257	13.860985
lambda_B = 
ITensor ord=2: (dim=5|id=312|"U,Link") (dim=5|id=105|"V,Link") 
{norm=12.47 (Diag Real)}
(1,1) 11.3602566
(2,2) 3.4498527
(3,3) 2.8706613
(4,4) 1.9422158
(5,5) 1.5528917

lambda_A = 
ITensor ord=2: (dim=5|id=500|"U,Link") (dim=5|id=451|"V,Link") 
{norm=14.31 (Diag Real)}
(1,1) 13.8609845
(2,2) 2.8348210
(3,3) 1.9006819
(4,4) 1.0455964
(5,5) 0.0524998

Gamma_B = 
ITensor ord=3: (dim=2|id=167|"n=1,Site,S=1/2")' (dim=5|id=105|"V,Link") (dim=5|id=500|"U,Link") 
{norm=2.24 (Dense Real)}
(1,1,1) -0.536241
(2,1,1) -0.425941
(1,2,1) 0.4405035
(2,2,1) -0.445403
(1,3,1) -0.097665
(2,3,1) 0.2835662
(1,4,1) -0.117204
(2,4,1) -0.112747
(1,5,1) 0.0689937
(2,5,1) -0.132043
(1,1,2) 0.0619190
(2,1,2) 0.0975267
(1,2,2) -0.008831
(2,2,2) 0.1577361
(1,3,2) 0.3839001
(2,3,2) 0.2112907
(1,4,2) -0.550765
(2,4,2) -0.446025
(1,5,2) 0.4892063
(2,5,2) 0.1675401
(1,1,3) -0.049603
(2,1,3) -0.050500
(1,2,3) -0.368363
(2,2,3) -0.066158
(1,3,3) -0.610990
(2,3,3) -0.334058
(1,4,3) -0.088195
(2,4,3) -0.440452
(1,5,3) 0.2619938
(2,5,3) -0.315595
(1,1,4) 0.1198874
(2,1,4) 0.1312950
(1,2,4) 0.2023136
(2,2,4) 0.1819409
(1,3,4) 0.0937633
(2,3,4) 0.1078981
(1,4,4) -0.182537
(2,4,4) -0.427558
(1,5,4) -0.642237
(2,5,4) -0.495306
(1,1,5) 0.2428154
(2,1,5) 0.0835180
(1,2,5) 0.0164225
(2,2,5) -0.084291
(1,3,5) -0.252767
(2,3,5) 0.1526572
(1,4,5) -0.618908
(2,4,5) 0.5901394
(1,5,5) 0.0642490
(2,5,5) -0.322577

Gamma_A = 
ITensor ord=3: (dim=2|id=943|"n=2,Site,S=1/2")' (dim=5|id=312|"U,Link") (dim=5|id=451|"V,Link") 
{norm=2.24 (Dense Real)}
(1,1,1) -0.541011
(2,1,1) -0.404659
(1,2,1) -0.046382
(2,2,1) 0.1646520
(1,3,1) -0.273155
(2,3,1) 0.3446979
(1,4,1) 0.1519850
(2,4,1) -0.154806
(1,5,1) 0.2413646
(2,5,1) -0.464269
(1,1,2) 0.1442505
(2,1,2) 0.1232632
(1,2,2) 0.6503339
(2,2,2) 0.6015696
(1,3,2) -0.217590
(2,3,2) -0.037373
(1,4,2) -0.197772
(2,4,2) 0.1192396
(1,5,2) 0.2773799
(2,5,2) 0.0128189
(1,1,3) -0.018604
(2,1,3) -0.031926
(1,2,3) -0.260500
(2,2,3) 0.0326534
(1,3,3) 0.2066443
(2,3,3) 0.5746397
(1,4,3) -0.544103
(2,4,3) 0.1202839
(1,5,3) 0.3472921
(2,5,3) 0.3544966
(1,1,4) 0.4416145
(2,1,4) 0.3165900
(1,2,4) -0.077476
(2,2,4) 0.0342707
(1,3,4) 0.3629754
(2,3,4) 0.2023330
(1,4,4) 0.2556555
(2,4,4) -0.341573
(1,5,4) 0.3979382
(2,5,4) -0.429528
(1,1,5) -0.113561
(2,1,5) -0.029899
(1,2,5) -0.447963
(2,2,5) 0.4100919
(1,3,5) -0.029844
(2,3,5) -0.408487
(1,4,5) 0.3061363
(2,4,5) -0.125578
(1,5,5) 0.4077731
(2,5,5) 0.4169450


34.867362	15.969528	34.867362
lambda_B = 
ITensor ord=2: (dim=5|id=386|"U,Link") (dim=5|id=443|"V,Link") 
{norm=17.94 (Diag Real)}
(1,1) 15.9695279
(2,2) 4.7872090
(3,3) 4.2140837
(4,4) 3.6846209
(5,5) 3.5489395

lambda_A = 
ITensor ord=2: (dim=5|id=794|"U,Link") (dim=5|id=495|"V,Link") 
{norm=35.23 (Diag Real)}
(1,1) 34.8673615
(2,2) 3.8313907
(3,3) 2.7622118
(4,4) 1.7537929
(5,5) 0.0772308

Gamma_B = 
ITensor ord=3: (dim=2|id=943|"n=2,Site,S=1/2")' (dim=5|id=443|"V,Link") (dim=5|id=794|"U,Link") 
{norm=2.24 (Dense Real)}
(1,1,1) -0.585723
(2,1,1) -0.440908
(1,2,1) 0.0400288
(2,2,1) -0.152350
(1,3,1) -0.362571
(2,3,1) 0.3176257
(1,4,1) -0.114400
(2,4,1) -0.213222
(1,5,1) 0.0625970
(2,5,1) -0.378025
(1,1,2) -0.077441
(2,1,2) 0.0077682
(1,2,2) 0.6424814
(2,2,2) 0.3754874
(1,3,2) -0.081570
(2,3,2) 0.0601083
(1,4,2) 0.3877203
(2,4,2) -0.365395
(1,5,2) -0.331461
(2,5,2) 0.1902512
(1,1,3) -0.302353
(2,1,3) -0.103778
(1,2,3) -0.254899
(2,2,3) 0.6926278
(1,3,3) 0.4031675
(2,3,3) 0.2053227
(1,4,3) 0.1411707
(2,4,3) 0.1205469
(1,5,3) 0.3372507
(2,5,3) 0.0143457
(1,1,4) 0.1276548
(2,1,4) 0.1412212
(1,2,4) 0.4735984
(2,2,4) 0.2719998
(1,3,4) 0.1623636
(2,3,4) -0.088946
(1,4,4) -0.573098
(2,4,4) 0.1140833
(1,5,4) 0.0392419
(2,5,4) -0.536853
(1,1,5) 0.3219691
(2,1,5) 0.2911930
(1,2,5) -0.361940
(2,2,5) 0.3298902
(1,3,5) -0.423363
(2,3,5) 0.5091183
(1,4,5) -0.083681
(2,4,5) -0.073536
(1,5,5) -0.308530
(2,5,5) -0.160236

Gamma_A = 
ITensor ord=3: (dim=2|id=167|"n=1,Site,S=1/2")' (dim=5|id=386|"U,Link") (dim=5|id=495|"V,Link") 
{norm=2.24 (Dense Real)}
(1,1,1) -0.568971
(2,1,1) -0.423801
(1,2,1) -0.395768
(2,2,1) 0.0530392
(1,3,1) -0.022695
(2,3,1) -0.035840
(1,4,1) 0.2762682
(2,4,1) 0.2163494
(1,5,1) -0.002714
(2,5,1) -0.460740
(1,1,2) -0.050361
(2,1,2) -0.309646
(1,2,2) 0.4313210
(2,2,2) 0.1724006
(1,3,2) 0.2870137
(2,3,2) -0.110645
(1,4,2) 0.2024830
(2,4,2) -0.481198
(1,5,2) 0.5522432
(2,5,2) -0.116966
(1,1,3) 0.0594015
(2,1,3) -0.135892
(1,2,3) -0.544702
(2,2,3) -0.487227
(1,3,3) -0.173783
(2,3,3) 0.1735214
(1,4,3) -0.046911
(2,4,3) -0.285777
(1,5,3) 0.4621852
(2,5,3) 0.2934621
(1,1,4) 0.5807134
(2,1,4) 0.1960296
(1,2,4) -0.251375
(2,2,4) -0.176345
(1,3,4) 0.1932630
(2,3,4) -0.322875
(1,4,4) 0.4868897
(2,4,4) 0.0113537
(1,5,4) -0.001880
(2,5,4) -0.388927
(1,1,5) -0.131879
(2,1,5) -0.108549
(1,2,5) -0.104546
(2,2,5) 0.0215554
(1,3,5) 0.4396870
(2,3,5) -0.463483
(1,4,5) 0.1709014
(2,4,5) 0.3441896
(1,5,5) 0.0520128
(2,5,5) 0.6331747


95.208491	28.438848	95.208491
lambda_B = 
ITensor ord=2: (dim=5|id=563|"U,Link") (dim=5|id=567|"V,Link") 
{norm=33.74 (Diag Real)}
(1,1) 28.4388482
(2,2) 10.8535299
(3,3) 9.5008375
(4,4) 8.6195969
(5,5) 6.8788348

lambda_A = 
ITensor ord=2: (dim=5|id=848|"U,Link") (dim=5|id=967|"V,Link") 
{norm=95.76 (Diag Real)}
(1,1) 95.2084905
(2,2) 7.4959840
(3,3) 6.3980303
(4,4) 2.8240099
(5,5) 0.0517034

Gamma_B = 
ITensor ord=3: (dim=2|id=167|"n=1,Site,S=1/2")' (dim=5|id=567|"V,Link") (dim=5|id=848|"U,Link") 
{norm=2.24 (Dense Real)}
(1,1,1) 0.5180236
(2,1,1) 0.3371392
(1,2,1) -0.403478
(2,2,1) 0.5052123
(1,3,1) 0.2357694
(2,3,1) -0.210760
(1,4,1) 0.1742270
(2,4,1) -0.213636
(1,5,1) -0.001063
(2,5,1) -0.154761
(1,1,2) 0.0267145
(2,1,2) -0.024634
(1,2,2) 0.2814601
(2,2,2) 0.0772095
(1,3,2) 0.0421681
(2,3,2) 0.2290116
(1,4,2) 0.4808993
(2,4,2) 0.3681429
(1,5,2) -0.241867
(2,5,2) -0.658772
(1,1,3) 0.1765089
(2,1,3) 0.1685481
(1,2,3) -0.194178
(2,2,3) -0.179248
(1,3,3) -0.831510
(2,3,3) -0.309856
(1,4,3) 0.1035422
(2,4,3) 0.1992761
(1,5,3) 0.1307505
(2,5,3) -0.125115
(1,1,4) -0.220707
(2,1,4) -0.111226
(1,2,4) -0.368318
(2,2,4) -0.192598
(1,3,4) -0.029025
(2,3,4) -0.099734
(1,4,4) -0.387137
(2,4,4) -0.339311
(1,5,4) -0.466585
(2,5,4) -0.522176
(1,1,5) 0.4471687
(2,1,5) 0.2863141
(1,2,5) 0.2677529
(2,2,5) -0.021493
(1,3,5) 0.0184569
(2,3,5) 0.2085416
(1,4,5) -0.696565
(2,4,5) 0.3160061
(1,5,5) -0.041380
(2,5,5) -0.123718

Gamma_A = 
ITensor ord=3: (dim=2|id=943|"n=2,Site,S=1/2")' (dim=5|id=563|"U,Link") (dim=5|id=967|"V,Link") 
{norm=2.24 (Dense Real)}
(1,1,1) 0.5300279
(2,1,1) 0.3967106
(1,2,1) 0.1144133
(2,2,1) 0.2090788
(1,3,1) -0.176136
(2,3,1) 0.4417489
(1,4,1) 0.2468648
(2,4,1) -0.170417
(1,5,1) 0.3371009
(2,5,1) -0.274043
(1,1,2) -0.348052
(2,1,2) -0.227179
(1,2,2) -0.065774
(2,2,2) -0.150536
(1,3,2) 0.3824262
(2,3,2) 0.5057449
(1,4,2) 0.6125108
(2,4,2) -0.101444
(1,5,2) 0.0499472
(2,5,2) 0.1013901
(1,1,3) 0.0236257
(2,1,3) -0.003906
(1,2,3) 0.4891286
(2,2,3) 0.5292425
(1,3,3) -0.082592
(2,3,3) 0.0083817
(1,4,3) 0.1899825
(2,4,3) -0.187762
(1,5,3) -0.518340
(2,5,3) 0.3649199
(1,1,4) -0.431441
(2,1,4) -0.315268
(1,2,4) 0.4969512
(2,2,4) 0.2741604
(1,3,4) -0.147392
(2,3,4) -0.073312
(1,4,4) -0.059462
(2,4,4) 0.0024019
(1,5,4) 0.4515649
(2,5,4) -0.397226
(1,1,5) -0.081201
(2,1,5) 0.0203957
(1,2,5) -0.364824
(2,2,5) 0.2834165
(1,3,5) 0.2568721
(2,3,5) -0.257231
(1,4,5) 0.0371879
(2,4,5) -0.615558
(1,5,5) -0.202111
(2,5,5) -0.475683


226.560339	48.151065	226.560339
lambda_B = 
ITensor ord=2: (dim=5|id=480|"U,Link") (dim=5|id=816|"V,Link") 
{norm=58.64 (Diag Real)}
(1,1) 48.1510646
(2,2) 18.7101132
(3,3) 17.8441841
(4,4) 16.2011126
(5,5) 13.7471350

lambda_A = 
ITensor ord=2: (dim=5|id=295|"U,Link") (dim=5|id=473|"V,Link") 
{norm=227.29 (Diag Real)}
(1,1) 226.5603388
(2,2) 14.5216864
(3,3) 10.0406504
(4,4) 4.5679326
(5,5) 0.1000635

Gamma_B = 
ITensor ord=3: (dim=2|id=943|"n=2,Site,S=1/2")' (dim=5|id=816|"V,Link") (dim=5|id=295|"U,Link") 
{norm=2.24 (Dense Real)}
(1,1,1) 0.4987482
(2,1,1) 0.3579309
(1,2,1) 0.1962209
(2,2,1) 0.2091797
(1,3,1) 0.3183379
(2,3,1) 0.4159977
(1,4,1) -0.301851
(2,4,1) 0.3918694
(1,5,1) 0.1205069
(2,5,1) -0.085360
(1,1,2) 0.0554443
(2,1,2) -0.005792
(1,2,2) 0.4528403
(2,2,2) 0.1420573
(1,3,2) -0.196753
(2,3,2) 0.0494843
(1,4,2) -0.170983
(2,4,2) -0.078780
(1,5,2) -0.646699
(2,5,2) 0.5261422
(1,1,3) 0.4356213
(2,1,3) 0.1776038
(1,2,3) -0.168193
(2,2,3) 0.5940982
(1,3,3) -0.190890
(2,3,3) -0.535102
(1,4,3) 0.2722176
(2,4,3) -0.014977
(1,5,3) -0.014310
(2,5,3) -0.012021
(1,1,4) -0.188052
(2,1,4) -0.229239
(1,2,4) 0.6572347
(2,2,4) 0.3688618
(1,3,4) -0.242446
(2,3,4) 0.0129486
(1,4,4) -0.095968
(2,4,4) -0.156187
(1,5,4) 0.3809816
(2,5,4) -0.326145
(1,1,5) 0.4213045
(2,1,5) 0.3589073
(1,2,5) 0.1149162
(2,2,5) -0.414617
(1,3,5) -0.389525
(2,3,5) 0.1859423
(1,4,5) 0.1333170
(2,4,5) -0.532724
(1,5,5) 0.1195814
(2,5,5) -0.080018

Gamma_A = 
ITensor ord=3: (dim=2|id=167|"n=1,Site,S=1/2")' (dim=5|id=480|"U,Link") (dim=5|id=473|"V,Link") 
{norm=2.24 (Dense Real)}
(1,1,1) 0.5502508
(2,1,1) 0.3979348
(1,2,1) -0.510771
(2,2,1) -0.095890
(1,3,1) 0.2131762
(2,3,1) 0.0543514
(1,4,1) -0.040157
(2,4,1) 0.0291553
(1,5,1) -0.226892
(2,5,1) -0.407983
(1,1,2) 0.3806517
(2,1,2) 0.2652057
(1,2,2) 0.1825328
(2,2,2) 0.4572095
(1,3,2) -0.694967
(2,3,2) 0.1731104
(1,4,2) 0.1080189
(2,4,2) -0.114724
(1,5,2) 0.0247371
(2,5,2) 0.0634277
(1,1,3) -0.021771
(2,1,3) 0.1247670
(1,2,3) -0.520791
(2,2,3) -0.131274
(1,3,3) -0.105779
(2,3,3) 0.3276290
(1,4,3) -0.173711
(2,4,3) 0.2449460
(1,5,3) 0.3520993
(2,5,3) 0.6023496
(1,1,4) -0.510893
(2,1,4) -0.209661
(1,2,4) -0.401173
(2,2,4) 0.0667657
(1,3,4) -0.339439
(2,3,4) 0.4197123
(1,4,4) 0.0976843
(2,4,4) -0.044159
(1,5,4) -0.278135
(2,5,4) -0.386529
(1,1,5) 0.0058295
(2,1,5) -0.067511
(1,2,5) 0.2033094
(2,2,5) 0.2197406
(1,3,5) -0.012780
(2,3,5) 0.1258262
(1,4,5) -0.800459
(2,4,5) 0.4447741
(1,5,5) -0.036044
(2,5,5) -0.223461


592.422591	93.001511	592.422591
lambda_B = 
ITensor ord=2: (dim=5|id=350|"U,Link") (dim=5|id=393|"V,Link") 
{norm=115.40 (Diag Real)}
(1,1) 93.0015111
(2,2) 39.8447471
(3,3) 34.7866867
(4,4) 33.4720851
(5,5) 27.3665135

lambda_A = 
ITensor ord=2: (dim=5|id=847|"U,Link") (dim=5|id=918|"V,Link") 
{norm=593.53 (Diag Real)}
(1,1) 592.4225913
(2,2) 29.7338210
(3,3) 19.3246374
(4,4) 7.7789631
(5,5) 0.1297750

Gamma_B = 
ITensor ord=3: (dim=2|id=167|"n=1,Site,S=1/2")' (dim=5|id=393|"V,Link") (dim=5|id=847|"U,Link") 
{norm=2.24 (Dense Real)}
(1,1,1) -0.468573
(2,1,1) -0.290696
(1,2,1) -0.238320
(2,2,1) 0.2015407
(1,3,1) 0.5720300
(2,3,1) -0.429485
(1,4,1) 0.1642534
(2,4,1) -0.223553
(1,5,1) -0.042642
(2,5,1) -0.089842
(1,1,2) -0.101537
(2,1,2) -0.044732
(1,2,2) 0.1518853
(2,2,2) 0.1070017
(1,3,2) -0.237009
(2,3,2) 0.0290013
(1,4,2) 0.3697596
(2,4,2) 0.1930199
(1,5,2) -0.377696
(2,5,2) -0.761264
(1,1,3) -0.357198
(2,1,3) -0.260756
(1,2,3) -0.528938
(2,2,3) -0.185692
(1,3,3) -0.542726
(2,3,3) -0.066637
(1,4,3) 0.2194918
(2,4,3) 0.2760894
(1,5,3) 0.1806426
(2,5,3) 0.1847533
(1,1,4) 0.2825087
(2,1,4) 0.1208738
(1,2,4) -0.617296
(2,2,4) -0.397474
(1,3,4) 0.0609854
(2,3,4) -0.099449
(1,4,4) -0.366778
(2,4,4) -0.184670
(1,5,4) -0.256291
(2,5,4) -0.344406
(1,1,5) -0.464781
(2,1,5) -0.288511
(1,2,5) 0.1346686
(2,2,5) 0.1249306
(1,3,5) -0.105623
(2,3,5) 0.2585157
(1,4,5) -0.744492
(2,4,5) 0.0743739
(1,5,5) -0.128177
(2,5,5) -0.113054

Gamma_A = 
ITensor ord=3: (dim=2|id=943|"n=2,Site,S=1/2")' (dim=5|id=350|"U,Link") (dim=5|id=918|"V,Link") 
{norm=2.24 (Dense Real)}
(1,1,1) -0.481074
(2,1,1) -0.329360
(1,2,1) 0.1638204
(2,2,1) 0.4572011
(1,3,1) -0.129925
(2,3,1) 0.2460476
(1,4,1) 0.3412949
(2,4,1) -0.300204
(1,5,1) 0.2929561
(2,5,1) -0.233179
(1,1,2) 0.4630256
(2,1,2) 0.3254415
(1,2,2) 0.3500462
(2,2,2) 0.1566502
(1,3,2) 0.2861754
(2,3,2) 0.3441271
(1,4,2) 0.4719899
(2,4,2) -0.247804
(1,5,2) -0.179286
(2,5,2) 0.1264073
(1,1,3) -0.159339
(2,1,3) -0.094728
(1,2,3) 0.1675699
(2,2,3) 0.3051162
(1,3,3) -0.318708
(2,3,3) -0.344520
(1,4,3) -0.020081
(2,4,3) -0.203558
(1,5,3) -0.589756
(2,5,3) 0.4842951
(1,1,4) 0.3621529
(2,1,4) 0.2833655
(1,2,4) 0.3360926
(2,2,4) 0.1896234
(1,3,4) -0.496104
(2,3,4) -0.415345
(1,4,4) -0.086310
(2,4,4) -0.074272
(1,5,4) 0.3656425
(2,5,4) -0.272658
(1,1,5) 0.0076816
(2,1,5) -0.023669
(1,2,5) -0.200785
(2,2,5) -0.023656
(1,3,5) 0.5048270
(2,3,5) -0.510544
(1,4,5) -0.044215
(2,4,5) -0.645063
(1,5,5) 0.0631681
(2,5,5) -0.144740


1442.367963	168.912480	1442.367963
lambda_B = 
ITensor ord=2: (dim=5|id=272|"U,Link") (dim=5|id=518|"V,Link") 
{norm=213.26 (Diag Real)}
(1,1) 168.9124797
(2,2) 73.2139700
(3,3) 68.5310137
(4,4) 62.9104727
(5,5) 54.1576625

lambda_A = 
ITensor ord=2: (dim=5|id=213|"U,Link") (dim=5|id=66|"V,Link") 
{norm=1443.94 (Diag Real)}
(1,1) 1442.3679634
(2,2) 56.5329563
(3,3) 34.3664729
(4,4) 12.5346394
(5,5) 0.2372702

Gamma_B = 
ITensor ord=3: (dim=2|id=943|"n=2,Site,S=1/2")' (dim=5|id=518|"V,Link") (dim=5|id=213|"U,Link") 
{norm=2.24 (Dense Real)}
(1,1,1) 0.4031297
(2,1,1) 0.2752157
(1,2,1) 0.1618277
(2,2,1) 0.0813829
(1,3,1) -0.193827
(2,3,1) -0.629275
(1,4,1) 0.5174224
(2,4,1) -0.121537
(1,5,1) 0.0968611
(2,5,1) -0.059125
(1,1,2) 0.0439909
(2,1,2) 0.0574034
(1,2,2) -0.362937
(2,2,2) 0.0165616
(1,3,2) -0.037610
(2,3,2) 0.0735854
(1,4,2) -0.110575
(2,4,2) -0.148847
(1,5,2) 0.7059627
(2,5,2) -0.568487
(1,1,3) -0.563338
(2,1,3) -0.286332
(1,2,3) 0.0609642
(2,2,3) -0.607021
(1,3,3) -0.060509
(2,3,3) -0.278724
(1,4,3) 0.3073674
(2,4,3) 0.1594835
(1,5,3) 0.1333276
(2,5,3) -0.097158
(1,1,4) -0.146119
(2,1,4) -0.258752
(1,2,4) 0.7294104
(2,2,4) 0.4548157
(1,3,4) 0.1057971
(2,3,4) 0.0294782
(1,4,4) 0.0015865
(2,4,4) 0.2063394
(1,5,4) 0.2565788
(2,5,4) -0.228751
(1,1,5) 0.3999608
(2,1,5) 0.3545525
(1,2,5) 0.2631058
(2,2,5) -0.495399
(1,3,5) 0.1678663
(2,3,5) 0.1531294
(1,4,5) -0.155851
(2,4,5) 0.5518195
(1,5,5) 0.1048175
(2,5,5) -0.090943

Gamma_A = 
ITensor ord=3: (dim=2|id=167|"n=1,Site,S=1/2")' (dim=5|id=272|"U,Link") (dim=5|id=66|"V,Link") 
{norm=2.24 (Dense Real)}
(1,1,1) 0.4873996
(2,1,1) 0.3617786
(1,2,1) -0.647820
(2,2,1) -0.193953
(1,3,1) -0.071004
(2,3,1) -0.045050
(1,4,1) 0.1489496
(2,4,1) -0.011119
(1,5,1) -0.196285
(2,5,1) -0.326130
(1,1,2) -0.546613
(2,1,2) -0.291489
(1,2,2) -0.412372
(2,2,2) -0.358885
(1,3,2) -0.311747
(2,3,2) 0.1031608
(1,4,2) 0.4162999
(2,4,2) -0.146723
(1,5,2) 0.0721228
(2,5,2) 0.0976506
(1,1,3) -0.111533
(2,1,3) -0.126506
(1,2,3) 0.3277491
(2,2,3) 0.0896170
(1,3,3) -0.342570
(2,3,3) 0.2800365
(1,4,3) 0.0659126
(2,4,3) -0.026545
(1,5,3) -0.398225
(2,5,3) -0.704769
(1,1,4) -0.422884
(2,1,4) -0.187598
(1,2,4) -0.288170
(2,2,4) -0.016147
(1,3,4) 0.4939826
(2,3,4) -0.376200
(1,4,4) -0.331937
(2,4,4) 0.2064959
(1,5,4) -0.228781
(2,5,4) -0.334612
(1,1,5) 0.0677927
(2,1,5) -0.025974
(1,2,5) 0.2317738
(2,2,5) 0.0878070
(1,3,5) 0.4514237
(2,3,5) -0.313537
(1,4,5) 0.7264211
(2,4,5) -0.290634
(1,5,5) -0.031619
(2,5,5) -0.134373


3640.243170	330.698428	3640.243170
lambda_B = 
ITensor ord=2: (dim=5|id=465|"U,Link") (dim=5|id=727|"V,Link") 
{norm=423.20 (Diag Real)}
(1,1) 330.6984284
(2,2) 155.0505693
(3,3) 131.6971138
(4,4) 129.6911111
(5,5) 107.3850685

lambda_A = 
ITensor ord=2: (dim=5|id=942|"U,Link") (dim=5|id=943|"V,Link") 
{norm=3642.75 (Diag Real)}
(1,1) 3640.2431696
(2,2) 116.4008182
(3,3) 65.3830244
(4,4) 20.5575283
(5,5) 0.3622825

Gamma_B = 
ITensor ord=3: (dim=2|id=167|"n=1,Site,S=1/2")' (dim=5|id=727|"V,Link") (dim=5|id=942|"U,Link") 
{norm=2.24 (Dense Real)}
(1,1,1) -0.402476
(2,1,1) -0.242121
(1,2,1) 0.1492527
(2,2,1) -0.082861
(1,3,1) -0.630889
(2,3,1) 0.3533220
(1,4,1) 0.3719619
(2,4,1) -0.285905
(1,5,1) -0.041957
(2,5,1) -0.074385
(1,1,2) 0.1280762
(2,1,2) 0.0666224
(1,2,2) 0.0680582
(2,2,2) 0.0612169
(1,3,2) -0.301053
(2,3,2) -0.014443
(1,4,2) -0.221169
(2,4,2) -0.129732
(1,5,2) 0.4388517
(2,5,2) 0.7884164
(1,1,3) 0.5226578
(2,1,3) 0.3319072
(1,2,3) -0.477046
(2,2,3) -0.090753
(1,3,3) -0.485184
(2,3,3) -0.040803
(1,4,3) -0.083358
(2,4,3) -0.245672
(1,5,3) -0.160595
(2,5,3) -0.225155
(1,1,4) 0.2511589
(2,1,4) 0.0976379
(1,2,4) 0.7311602
(2,2,4) 0.3933870
(1,3,4) -0.194537
(2,3,4) 0.0072520
(1,4,4) -0.335441
(2,4,4) -0.082021
(1,5,4) -0.157826
(2,5,4) -0.236607
(1,1,5) -0.432775
(2,1,5) -0.252655
(1,2,5) -0.188309
(2,2,5) -0.161968
(1,3,5) -0.204068
(2,3,5) -0.198260
(1,4,5) -0.762892
(2,4,5) 0.0291052
(1,5,5) -0.103086
(2,5,5) -0.112909

Gamma_A = 
ITensor ord=3: (dim=2|id=943|"n=2,Site,S=1/2")' (dim=5|id=465|"U,Link") (dim=5|id=943|"V,Link") 
{norm=2.24 (Dense Real)}
(1,1,1) -0.414705
(2,1,1) -0.283921
(1,2,1) -0.209688
(2,2,1) -0.555742
(1,3,1) 0.2265790
(2,3,1) -0.248977
(1,4,1) 0.3400211
(2,4,1) -0.273802
(1,5,1) 0.2325113
(2,5,1) -0.191364
(1,1,2) -0.550779
(2,1,2) -0.395956
(1,2,2) 0.3881863
(2,2,2) 0.1342387
(1,3,2) 0.0736419
(2,3,2) 0.3121546
(1,4,2) -0.410261
(2,4,2) 0.2060542
(1,5,2) 0.1929954
(2,5,2) -0.142369
(1,1,3) 0.1938888
(2,1,3) 0.1273943
(1,2,3) 0.0432416
(2,2,3) 0.1987042
(1,3,3) -0.252933
(2,3,3) -0.260739
(1,4,3) 0.0767476
(2,4,3) 0.1989123
(1,5,3) 0.6603478
(2,5,3) -0.539768
(1,1,4) 0.2806760
(2,1,4) 0.2245523
(1,2,4) -0.218375
(2,2,4) -0.111318
(1,3,4) 0.5593379
(2,3,4) 0.5294935
(1,4,4) -0.241416
(2,4,4) -0.211104
(1,5,4) 0.2698555
(2,5,4) -0.204516
(1,1,5) -0.029504
(2,1,5) -0.040477
(1,2,5) 0.1285697
(2,2,5) 0.1001387
(1,3,5) -0.523995
(2,3,5) 0.3208437
(1,4,5) 0.0571848
(2,4,5) -0.761487
(1,5,5) 0.0594581
(2,5,5) -0.082179


8928.495851	612.713418	8928.495851
lambda_B = 
ITensor ord=2: (dim=5|id=435|"U,Link") (dim=5|id=983|"V,Link") 
{norm=792.41 (Diag Real)}
(1,1) 612.7134177
(2,2) 284.6580248
(3,3) 259.1763487
(4,4) 243.1069073
(5,5) 212.5910172

lambda_A = 
ITensor ord=2: (dim=5|id=282|"U,Link") (dim=5|id=400|"V,Link") 
{norm=8932.28 (Diag Real)}
(1,1) 8928.4958511
(2,2) 225.6004431
(3,3) 124.5533282
(4,4) 33.4875833
(5,5) 0.6312280

Gamma_B = 
ITensor ord=3: (dim=2|id=943|"n=2,Site,S=1/2")' (dim=5|id=983|"V,Link") (dim=5|id=282|"U,Link") 
{norm=2.24 (Dense Real)}
(1,1,1) 0.3319471
(2,1,1) 0.2222722
(1,2,1) 0.1467943
(2,2,1) 0.0401757
(1,3,1) -0.232343
(2,3,1) -0.667855
(1,4,1) 0.5398352
(2,4,1) -0.135604
(1,5,1) 0.0715444
(2,5,1) -0.047974
(1,1,2) 0.1037127
(2,1,2) 0.0949660
(1,2,2) -0.255124
(2,2,2) 0.0644376
(1,3,2) 0.0060120
(2,3,2) 0.0784985
(1,4,2) -0.124900
(2,4,2) -0.153136
(1,5,2) 0.7218277
(2,5,2) -0.587112
(1,1,3) -0.646341
(2,1,3) -0.373345
(1,2,3) 0.0359972
(2,2,3) -0.496693
(1,3,3) -0.069755
(2,3,3) -0.216540
(1,4,3) 0.2744111
(2,4,3) 0.1218880
(1,5,3) 0.1818031
(2,5,3) -0.141037
(1,1,4) -0.078793
(2,1,4) -0.259616
(1,2,4) 0.7218326
(2,2,4) 0.5162142
(1,3,4) 0.0560005
(2,3,4) 0.0321091
(1,4,4) 0.0153132
(2,4,4) 0.2756756
(1,5,4) 0.1868475
(2,5,4) -0.153497
(1,1,5) 0.3410397
(2,1,5) 0.3232212
(1,2,5) 0.2689494
(2,2,5) -0.555414
(1,3,5) 0.1147907
(2,3,5) 0.1375396
(1,4,5) -0.025880
(2,4,5) 0.5920595
(1,5,5) 0.0977907
(2,5,5) -0.074430

Gamma_A = 
ITensor ord=3: (dim=2|id=167|"n=1,Site,S=1/2")' (dim=5|id=435|"U,Link") (dim=5|id=400|"V,Link") 
{norm=2.24 (Dense Real)}
(1,1,1) 0.4310676
(2,1,1) 0.3166952
(1,2,1) -0.740723
(2,2,1) -0.224842
(1,3,1) -0.032765
(2,3,1) -0.023023
(1,4,1) 0.1541050
(2,4,1) -0.007902
(1,5,1) -0.154852
(2,5,1) -0.255475
(1,1,2) -0.636540
(2,1,2) -0.332599
(1,2,2) -0.431745
(2,2,2) -0.269560
(1,3,2) -0.202558
(2,3,2) 0.0767653
(1,4,2) 0.3576424
(2,4,2) -0.089878
(1,5,2) 0.1080462
(2,5,2) 0.1747728
(1,1,3) -0.183827
(2,1,3) -0.135295
(1,2,3) 0.2030078
(2,2,3) 0.0418177
(1,3,3) -0.314205
(2,3,3) 0.1889452
(1,4,3) 0.0996356
(2,4,3) -0.024117
(1,5,3) -0.435223
(2,5,3) -0.755373
(1,1,4) -0.341586
(2,1,4) -0.151447
(1,2,4) -0.226660
(2,2,4) -0.025993
(1,3,4) 0.6319970
(2,3,4) -0.372735
(1,4,4) -0.386120
(2,4,4) 0.1458282
(1,5,4) -0.171306
(2,5,4) -0.265104
(1,1,5) 0.0888637
(2,1,5) 0.0008419
(1,2,5) 0.2280620
(2,2,5) 0.0414878
(1,3,5) 0.4518882
(2,3,5) -0.272167
(1,4,5) 0.7752552
(2,4,5) -0.224428
(1,5,5) -0.026850
(2,5,5) -0.089340


21987.999207	1206.378839	21987.999207
lambda_B = 
ITensor ord=2: (dim=5|id=710|"U,Link") (dim=5|id=843|"V,Link") 
{norm=1580.90 (Diag Real)}
(1,1) 1206.3788391
(2,2) 602.1744343
(3,3) 507.4264347
(4,4) 496.4880734
(5,5) 421.0716494

lambda_A = 
ITensor ord=2: (dim=5|id=895|"U,Link") (dim=5|id=78|"V,Link") 
{norm=21994.33 (Diag Real)}
(1,1) 21987.9992066
(2,2) 466.0681234
(3,3) 240.8905513
(4,4) 54.8034359
(5,5) 1.0354466

Gamma_B = 
ITensor ord=3: (dim=2|id=167|"n=1,Site,S=1/2")' (dim=5|id=843|"V,Link") (dim=5|id=895|"U,Link") 
{norm=2.24 (Dense Real)}
(1,1,1) -0.338540
(2,1,1) -0.197594
(1,2,1) 0.1208855
(2,2,1) -0.037127
(1,3,1) 0.4219491
(2,3,1) -0.159820
(1,4,1) 0.6988777
(2,4,1) -0.365087
(1,5,1) -0.036470
(2,5,1) -0.061020
(1,1,2) -0.146860
(2,1,2) -0.079202
(1,2,2) -0.040018
(2,2,2) -0.041076
(1,3,2) -0.309793
(2,3,2) -0.035337
(1,4,2) 0.0319638
(2,4,2) 0.0697417
(1,5,2) -0.464867
(2,5,2) -0.806017
(1,1,3) 0.6368158
(2,1,3) 0.3772540
(1,2,3) -0.401416
(2,2,3) -0.042455
(1,3,3) 0.4068853
(2,3,3) 0.0956287
(1,4,3) 0.1500460
(2,4,3) -0.157165
(1,5,3) -0.138254
(2,5,3) -0.219497
(1,1,4) 0.2092202
(2,1,4) 0.0807935
(1,2,4) 0.7814213
(2,2,4) 0.3433080
(1,3,4) 0.3468326
(2,3,4) 0.0000166
(1,4,4) -0.234190
(2,4,4) -0.019748
(1,5,4) -0.112190
(2,5,4) -0.181949
(1,1,5) -0.382209
(2,1,5) -0.212782
(1,2,5) -0.273318
(2,2,5) -0.164390
(1,3,5) 0.6205415
(2,3,5) 0.1163095
(1,4,5) -0.537011
(2,4,5) 0.0589675
(1,5,5) -0.075159
(2,5,5) -0.103954

Gamma_A = 
ITensor ord=3: (dim=2|id=943|"n=2,Site,S=1/2")' (dim=5|id=710|"U,Link") (dim=5|id=78|"V,Link") 
{norm=2.24 (Dense Real)}
(1,1,1) -0.364333
(2,1,1) -0.253013
(1,2,1) -0.241555
(2,2,1) -0.616555
(1,3,1) -0.359144
(2,3,1) 0.3415028
(1,4,1) 0.2022207
(2,4,1) -0.144198
(1,5,1) 0.1851331
(2,5,1) -0.152274
(1,1,2) 0.5914945
(2,1,2) 0.4337333
(1,2,2) -0.387146
(2,2,2) -0.084158
(1,3,2) -0.108753
(2,3,2) 0.3615327
(1,4,2) 0.3135187
(2,4,2) -0.079994
(1,5,2) -0.189620
(2,5,2) 0.1478628
(1,1,3) 0.1940513
(2,1,3) 0.1339129
(1,2,3) 0.0038772
(2,2,3) 0.1621976
(1,3,3) 0.1469129
(2,3,3) 0.1287794
(1,4,3) 0.1455422
(2,4,3) 0.2159627
(1,5,3) 0.6993761
(2,5,3) -0.568306
(1,1,4) 0.2274347
(2,1,4) 0.1871046
(1,2,4) -0.179077
(2,2,4) -0.099711
(1,3,4) -0.415156
(2,3,4) -0.452665
(1,4,4) -0.474167
(2,4,4) -0.449697
(1,5,4) 0.2041362
(2,5,4) -0.158936
(1,1,5) -0.056209
(2,1,5) -0.056351
(1,2,5) 0.1197420
(2,2,5) 0.1203648
(1,3,5) 0.4380940
(2,3,5) 0.1269935
(1,4,5) 0.2132150
(2,4,5) -0.839963
(1,5,5) 0.0532429
(2,5,5) -0.054342

ising.lambda_B = 
ITensor ord=2: (dim=5|id=710|"U,Link") (dim=5|id=843|"V,Link") 
{norm=1580.90 (Diag Real)}
(1,1) 1206.3788391
(2,2) 602.1744343
(3,3) 507.4264347
(4,4) 496.4880734
(5,5) 421.0716494

ising.lambda_A = 
ITensor ord=2: (dim=5|id=895|"U,Link") (dim=5|id=78|"V,Link") 
{norm=21994.33 (Diag Real)}
(1,1) 21987.9992066
(2,2) 466.0681234
(3,3) 240.8905513
(4,4) 54.8034359
(5,5) 1.0354466

