Gamma = 
ITensor ord=3: (dim=5|id=53|"Gl") (dim=2|id=363|"Gu") (dim=5|id=93|"Gr") 
{norm=3.79 (Dense Real)}

lambda = 
ITensor ord=2: (dim=5|id=45|"U,Link") (dim=5|id=278|"V,Link") 
{norm=3.38 (Diag Real)}

starting canonicalization
R = 
ITensor ord=4: (dim=5|id=159|"Rl1") (dim=5|id=311|"Rr1") (dim=5|id=438|"Rl2") (dim=5|id=762|"Rr2") 
{norm=22.37 (Dense Real)}
(1,1,1,1) 0.7445471
(2,1,1,1) 1.8842999
(3,1,1,1) 1.3995019
(4,1,1,1) 1.6427923
(5,1,1,1) 1.9042291
(1,2,1,1) 0.5129540
(2,2,1,1) 0.3643774
(3,2,1,1) 0.3666308
(4,2,1,1) 0.6028559
(5,2,1,1) 0.3694988
(1,3,1,1) 0.1185725
(2,3,1,1) 0.4544131
(3,3,1,1) 0.7575751
(4,3,1,1) 0.5231251
(5,3,1,1) 0.6288036
(1,4,1,1) 0.1237280
(2,4,1,1) 0.4051822
(3,4,1,1) 0.3843662
(4,4,1,1) 0.4279046
(5,4,1,1) 0.2011331
(1,5,1,1) 0.0008126
(2,5,1,1) 0.0005335
(3,5,1,1) 0.0001916
(4,5,1,1) 0.0003700
(5,5,1,1) 0.0006588
(1,1,2,1) 1.8842999
(2,1,2,1) 6.2171138
(3,1,2,1) 2.9642739
(4,1,2,1) 6.3632629
(5,1,2,1) 3.2371896
(1,2,2,1) 1.2500122
(2,2,2,1) 1.1867949
(3,2,2,1) 1.6132765
(4,2,2,1) 1.4494661
(5,2,2,1) 1.1597851
(1,3,2,1) 0.3465553
(2,3,2,1) 1.1108092
(3,3,2,1) 2.1100632
(4,3,2,1) 1.1157850
(5,3,2,1) 1.6484992
(1,4,2,1) 0.2846148
(2,4,2,1) 1.0118848
(3,4,2,1) 1.0450183
(4,4,2,1) 0.9404192
(5,4,2,1) 0.8765332
(1,5,2,1) 0.0022468
(2,5,2,1) 0.0013677
(3,5,2,1) 0.0005939
(4,5,2,1) 0.0011627
(5,5,2,1) 0.0016224
(1,1,3,1) 1.3995019
(2,1,3,1) 2.9642739
(3,1,3,1) 2.8609383
(4,1,3,1) 2.2082897
(5,1,3,1) 4.2102270
(1,2,3,1) 0.9833943
(2,2,3,1) 0.5793763
(3,2,3,1) 0.4158076
(4,2,3,1) 1.1635741
(5,2,3,1) 0.6049431
(1,3,3,1) 0.2043443
(2,3,3,1) 0.8697866
(3,3,3,1) 1.3471056
(4,3,3,1) 1.0663071
(5,3,3,1) 1.1591620
(1,4,3,1) 0.2439396
(2,4,3,1) 0.7670121
(3,4,3,1) 0.6936624
(4,4,3,1) 0.8611559
(5,4,3,1) 0.2315042
(1,5,3,1) 0.0014515
(2,5,3,1) 0.0009957
(3,5,3,1) 0.0003166
(4,5,3,1) 0.0006054
(5,5,3,1) 0.0012563
(1,1,4,1) 1.6427923
(2,1,4,1) 6.3632629
(3,1,4,1) 2.2082897
(4,1,4,1) 6.9837848
(5,1,4,1) 1.7922438
(1,2,4,1) 1.0584362
(2,2,4,1) 1.2069813
(3,2,4,1) 1.8527648
(4,2,4,1) 1.2140506
(5,2,4,1) 1.1574088
(1,3,4,1) 0.3323951
(2,3,4,1) 0.9429034
(3,3,4,1) 1.9651442
(4,3,4,1) 0.8372595
(5,3,4,1) 1.4744058
(1,4,4,1) 0.2295698
(2,4,4,1) 0.8733708
(3,4,4,1) 0.9581304
(4,4,4,1) 0.7270932
(5,4,4,1) 1.0034673
(1,5,4,1) 0.0020828
(2,5,4,1) 0.0012038
(3,5,4,1) 0.0005888
(4,5,4,1) 0.0011609
(5,5,4,1) 0.0013852
(1,1,5,1) 1.9042291
(2,1,5,1) 3.2371896
(3,1,5,1) 4.2102270
(4,1,5,1) 1.7922438
(5,1,5,1) 6.5982771
(1,2,5,1) 1.3645333
(2,2,5,1) 0.6428613
(3,2,5,1) 0.1890006
(4,2,5,1) 1.6251243
(5,2,5,1) 0.6996206
(1,3,5,1) 0.2524951
(2,3,5,1) 1.2050321
(3,3,5,1) 1.7269587
(4,3,5,1) 1.5652826
(5,3,5,1) 1.5458107
(1,4,5,1) 0.3475910
(2,4,5,1) 1.0510818
(3,4,5,1) 0.9041065
(4,4,5,1) 1.2500738
(5,4,5,1) 0.1129785
(1,5,5,1) 0.0018703
(2,5,5,1) 0.0013451
(3,5,5,1) 0.0003708
(4,5,5,1) 0.0006994
(5,5,5,1) 0.0017341
(1,1,1,2) 0.5129540
(2,1,1,2) 1.2500122
(3,1,1,2) 0.9833943
(4,1,1,2) 1.0584362
(5,1,1,2) 1.3645333
(1,2,1,2) 0.3550007
(2,2,1,2) 0.2422353
(3,2,1,2) 0.2297926
(4,2,1,2) 0.4178720
(5,2,1,2) 0.2470932
(1,3,1,2) 0.0801446
(2,3,1,2) 0.3143713
(3,3,1,2) 0.5155173
(4,3,1,2) 0.3673287
(5,3,1,2) 0.4313128
(1,4,1,2) 0.0861905
(2,4,1,2) 0.2796000
(3,4,1,2) 0.2624046
(4,4,1,2) 0.2995442
(5,4,1,2) 0.1263468
(1,5,1,2) 0.0005535
(2,5,1,2) 0.0003669
(3,5,1,2) 0.0001283
(4,5,1,2) 0.0002474
(5,5,1,2) 0.0004554
(1,1,2,2) 0.3643774
(2,1,2,2) 1.1867949
(3,1,2,2) 0.5793763
(4,1,2,2) 1.2069813
(5,1,2,2) 0.6428613
(1,2,2,2) 0.2422353
(2,2,2,2) 0.2266755
(3,2,2,2) 0.3046601
(4,2,2,2) 0.2811041
(5,2,2,2) 0.2218786
(1,3,2,2) 0.0665198
(2,3,2,2) 0.2152214
(3,3,2,2) 0.4059789
(4,3,2,2) 0.2179847
(5,3,2,2) 0.3181703
(1,4,2,2) 0.0553416
(2,4,2,2) 0.1958182
(3,4,2,2) 0.2013104
(4,4,2,2) 0.1833736
(5,4,2,2) 0.1655816
(1,5,2,2) 0.0004324
(2,5,2,2) 0.0002643
(3,5,2,2) 0.0001137
(4,5,2,2) 0.0002224
(5,5,2,2) 0.0003142
(1,1,3,2) 0.3666308
(2,1,3,2) 1.6132765
(3,1,3,2) 0.4158076
(4,1,3,2) 1.8527648
(5,1,3,2) 0.1890006
(1,2,3,2) 0.2297926
(2,2,3,2) 0.3046601
(3,2,3,2) 0.5048992
(4,2,3,2) 0.2607785
(5,2,3,2) 0.2882661
(1,3,3,2) 0.0803800
(2,3,3,2) 0.2052024
(3,3,3,2) 0.4642831
(4,3,3,2) 0.1590976
(5,3,3,2) 0.3366692
(1,4,3,2) 0.0474314
(2,4,3,2) 0.1931078
(3,4,3,2) 0.2234685
(4,4,3,2) 0.1432622
(5,4,3,2) 0.2729607
(1,5,3,2) 0.0004902
(2,5,3,2) 0.0002710
(3,5,3,2) 0.0001460
(4,5,3,2) 0.0002892
(5,5,3,2) 0.0003032
(1,1,4,2) 0.6028559
(2,1,4,2) 1.4494661
(3,1,4,2) 1.1635741
(4,1,4,2) 1.2140506
(5,1,4,2) 1.6251243
(1,2,4,2) 0.4178720
(2,2,4,2) 0.2811041
(3,2,4,2) 0.2607785
(4,2,4,2) 0.4921426
(5,2,4,2) 0.2873550
(1,3,4,2) 0.0935612
(2,3,4,2) 0.3700004
(3,3,4,2) 0.6032557
(4,3,4,2) 0.4345284
(5,3,4,2) 0.5061319
(1,4,4,2) 0.1016830
(2,4,4,2) 0.3287872
(3,4,4,2) 0.3074152
(4,4,4,2) 0.3539746
(5,4,4,2) 0.1435105
(1,5,4,2) 0.0006479
(2,5,4,2) 0.0004310
(3,5,4,2) 0.0001494
(4,5,4,2) 0.0002877
(5,5,4,2) 0.0005358
(1,1,5,2) 0.3694988
(2,1,5,2) 1.1597851
(3,1,5,2) 0.6049431
(4,1,5,2) 1.1574088
(5,1,5,2) 0.6996206
(1,2,5,2) 0.2470932
(2,2,5,2) 0.2218786
(3,2,5,2) 0.2882661
(4,2,5,2) 0.2873550
(5,2,5,2) 0.2182202
(1,3,5,2) 0.0660529
(2,3,5,2) 0.2194295
(3,3,5,2) 0.4058692
(4,3,5,2) 0.2273273
(5,3,5,2) 0.3209190
(1,4,5,2) 0.0569796
(2,4,5,2) 0.1989792
(3,4,5,2) 0.2019599
(4,4,5,2) 0.1902503
(5,4,5,2) 0.1568227
(1,5,5,2) 0.0004328
(2,5,5,2) 0.0002675
(3,5,5,2) 0.0001120
(4,5,5,2) 0.0002187
(5,5,5,2) 0.0003200
(1,1,1,3) 0.1185725
(2,1,1,3) 0.3465553
(3,1,1,3) 0.2043443
(4,1,1,3) 0.3323951
(5,1,1,3) 0.2524951
(1,2,1,3) 0.0801446
(2,2,1,3) 0.0665198
(3,2,1,3) 0.0803800
(4,2,1,3) 0.0935612
(5,2,1,3) 0.0660529
(1,3,1,3) 0.0203743
(2,3,1,3) 0.0711090
(3,3,1,3) 0.1268333
(4,3,1,3) 0.0766316
(5,3,1,3) 0.1019727
(1,4,1,3) 0.0187893
(2,4,1,3) 0.0640923
(3,4,1,3) 0.0635308
(4,4,1,3) 0.0635727
(5,4,1,3) 0.0438234
(1,5,1,3) 0.0001355
(2,5,1,3) 0.0000855
(3,5,1,3) 0.0000340
(4,5,1,3) 0.0000662
(5,5,1,3) 0.0001035
(1,1,2,3) 0.4544131
(2,1,2,3) 1.1108092
(3,1,2,3) 0.8697866
(4,1,2,3) 0.9429034
(5,1,2,3) 1.2050321
(1,2,2,3) 0.3143713
(2,2,2,3) 0.2152214
(3,2,2,3) 0.2052024
(4,2,2,3) 0.3700004
(5,2,2,3) 0.2194295
(1,3,2,3) 0.0711090
(2,3,2,3) 0.2784001
(3,3,2,3) 0.4571437
(4,3,2,3) 0.3249107
(5,3,2,3) 0.3822255
(1,4,2,3) 0.0762860
(2,4,2,3) 0.2476583
(3,4,2,3) 0.2326301
(4,4,2,3) 0.2650187
(5,4,2,3) 0.1128041
(1,5,2,3) 0.0004908
(2,5,2,3) 0.0003251
(3,5,2,3) 0.0001140
(4,5,2,3) 0.0002197
(5,5,2,3) 0.0004033
(1,1,3,3) 0.7575751
(2,1,3,3) 2.1100632
(3,1,3,3) 1.3471056
(4,1,3,3) 1.9651442
(5,1,3,3) 1.7269587
(1,2,3,3) 0.5155173
(2,2,3,3) 0.4059789
(3,2,3,3) 0.4642831
(4,2,3,3) 0.6032557
(5,2,3,3) 0.4058692
(1,3,3,3) 0.1268333
(2,3,3,3) 0.4571437
(3,3,3,3) 0.7964942
(4,3,3,3) 0.5045724
(5,3,3,3) 0.6474101
(1,4,3,3) 0.1220971
(2,4,3,3) 0.4104683
(3,4,3,3) 0.4007111
(4,4,3,3) 0.4164204
(5,4,3,3) 0.2535725
(1,5,3,3) 0.0008521
(2,5,3,3) 0.0005451
(3,5,3,3) 0.0002094
(4,5,3,3) 0.0004066
(5,5,3,3) 0.0006644
(1,1,4,3) 0.5231251
(2,1,4,3) 1.1157850
(3,1,4,3) 1.0663071
(4,1,4,3) 0.8372595
(5,1,4,3) 1.5652826
(1,2,4,3) 0.3673287
(2,2,4,3) 0.2179847
(3,2,4,3) 0.1590976
(4,2,4,3) 0.4345284
(5,2,4,3) 0.2273273
(1,3,4,3) 0.0766316
(2,3,4,3) 0.3249107
(3,3,4,3) 0.5045724
(4,3,4,3) 0.3974641
(5,3,4,3) 0.4335935
(1,4,4,3) 0.0910304
(2,4,4,3) 0.2866318
(3,4,4,3) 0.2596738
(4,4,4,3) 0.3211313
(5,4,4,3) 0.0885034
(1,5,4,3) 0.0005436
(2,5,4,3) 0.0003723
(3,5,4,3) 0.0001189
(4,5,4,3) 0.0002275
(5,5,4,3) 0.0004694
(1,1,5,3) 0.6288036
(2,1,5,3) 1.6484992
(3,1,5,3) 1.1591620
(4,1,5,3) 1.4744058
(5,1,5,3) 1.5458107
(1,2,5,3) 0.4313128
(2,2,5,3) 0.3181703
(3,2,5,3) 0.3366692
(4,2,5,3) 0.5061319
(5,2,5,3) 0.3209190
(1,3,5,3) 0.1019727
(2,3,5,3) 0.3822255
(3,3,5,3) 0.6474101
(4,3,5,3) 0.4335935
(5,3,5,3) 0.5333059
(1,4,5,3) 0.1033691
(2,4,5,3) 0.3416602
(3,4,5,3) 0.3274647
(4,4,5,3) 0.3557635
(5,4,5,3) 0.1843606
(1,5,5,3) 0.0006938
(2,5,5,3) 0.0004512
(3,5,5,3) 0.0001661
(4,5,5,3) 0.0003214
(5,5,5,3) 0.0005546
(1,1,1,4) 0.1237280
(2,1,1,4) 0.2846148
(3,1,1,4) 0.2439396
(4,1,1,4) 0.2295698
(5,1,1,4) 0.3475910
(1,2,1,4) 0.0861905
(2,2,1,4) 0.0553416
(3,2,1,4) 0.0474314
(4,2,1,4) 0.1016830
(5,2,1,4) 0.0569796
(1,3,1,4) 0.0187893
(2,3,1,4) 0.0762860
(3,3,1,4) 0.1220971
(4,3,1,4) 0.0910304
(5,3,1,4) 0.1033691
(1,4,1,4) 0.0211224
(2,4,1,4) 0.0675995
(3,4,1,4) 0.0624507
(4,4,1,4) 0.0739148
(5,4,1,4) 0.0261883
(1,5,1,4) 0.0001313
(2,5,1,4) 0.0000883
(3,5,1,4) 0.0000297
(4,5,1,4) 0.0000570
(5,5,1,4) 0.0001104
(1,1,2,4) 0.4051822
(2,1,2,4) 1.0118848
(3,1,2,4) 0.7670121
(4,1,2,4) 0.8733708
(5,1,2,4) 1.0510818
(1,2,2,4) 0.2796000
(2,2,2,4) 0.1958182
(3,2,2,4) 0.1931078
(4,2,2,4) 0.3287872
(5,2,2,4) 0.1989792
(1,3,2,4) 0.0640923
(2,3,2,4) 0.2476583
(3,3,2,4) 0.4104683
(4,3,2,4) 0.2866318
(5,3,2,4) 0.3416602
(1,4,2,4) 0.0675995
(2,4,2,4) 0.2206267
(3,4,2,4) 0.2084958
(4,4,2,4) 0.2341989
(5,4,2,4) 0.1060182
(1,5,2,4) 0.0004404
(2,5,2,4) 0.0002901
(3,5,2,4) 0.0001032
(4,5,2,4) 0.0001993
(5,5,2,4) 0.0003590
(1,1,3,4) 0.3843662
(2,1,3,4) 1.0450183
(3,1,3,4) 0.6936624
(4,1,3,4) 0.9581304
(5,1,3,4) 0.9041065
(1,2,3,4) 0.2624046
(2,2,3,4) 0.2013104
(3,2,3,4) 0.2234685
(4,2,3,4) 0.3074152
(5,2,3,4) 0.2019599
(1,3,3,4) 0.0635308
(2,3,3,4) 0.2326301
(3,3,3,4) 0.4007111
(4,3,3,4) 0.2596738
(5,3,3,4) 0.3274647
(1,4,3,4) 0.0624507
(2,4,3,4) 0.2084958
(3,4,3,4) 0.2020314
(4,4,3,4) 0.2137910
(5,4,3,4) 0.1221700
(1,5,3,4) 0.0004290
(2,5,3,4) 0.0002763
(3,5,3,4) 0.0001043
(4,5,3,4) 0.0002023
(5,5,3,4) 0.0003379
(1,1,4,4) 0.4279046
(2,1,4,4) 0.9404192
(3,1,4,4) 0.8611559
(4,1,4,4) 0.7270932
(5,1,4,4) 1.2500738
(1,2,4,4) 0.2995442
(2,2,4,4) 0.1833736
(3,2,4,4) 0.1432622
(4,2,4,4) 0.3539746
(5,2,4,4) 0.1902503
(1,3,4,4) 0.0635727
(2,3,4,4) 0.2650187
(3,3,4,4) 0.4164204
(4,3,4,4) 0.3211313
(5,3,4,4) 0.3557635
(1,4,4,4) 0.0739148
(2,4,4,4) 0.2341989
(3,4,4,4) 0.2137910
(4,4,4,4) 0.2599492
(5,4,4,4) 0.0794306
(1,5,4,4) 0.0004483
(2,5,4,4) 0.0003049
(3,5,4,4) 0.0000994
(4,5,4,4) 0.0001904
(5,5,4,4) 0.0003831
(1,1,5,4) 0.2011331
(2,1,5,4) 0.8765332
(3,1,5,4) 0.2315042
(4,1,5,4) 1.0034673
(5,1,5,4) 0.1129785
(1,2,5,4) 0.1263468
(2,2,5,4) 0.1655816
(3,2,5,4) 0.2729607
(4,2,5,4) 0.1435105
(5,2,5,4) 0.1568227
(1,3,5,4) 0.0438234
(2,3,5,4) 0.1128041
(3,3,5,4) 0.2535725
(4,3,5,4) 0.0885034
(5,3,5,4) 0.1843606
(1,4,5,4) 0.0261883
(2,4,5,4) 0.1060182
(3,4,5,4) 0.1221700
(4,4,5,4) 0.0794306
(5,4,5,4) 0.1475870
(1,5,5,4) 0.0002678
(2,5,5,4) 0.0001486
(3,5,5,4) 0.0000794
(4,5,5,4) 0.0001573
(5,5,5,4) 0.0001666
(1,1,1,5) 0.0008126
(2,1,1,5) 0.0022468
(3,1,1,5) 0.0014515
(4,1,1,5) 0.0020828
(5,1,1,5) 0.0018703
(1,2,1,5) 0.0005535
(2,2,1,5) 0.0004324
(3,2,1,5) 0.0004902
(4,2,1,5) 0.0006479
(5,2,1,5) 0.0004328
(1,3,1,5) 0.0001355
(2,3,1,5) 0.0004908
(3,3,1,5) 0.0008521
(4,3,1,5) 0.0005436
(5,3,1,5) 0.0006938
(1,4,1,5) 0.0001313
(2,4,1,5) 0.0004404
(3,4,1,5) 0.0004290
(4,4,1,5) 0.0004483
(5,4,1,5) 0.0002678
(1,1,2,5) 0.0005335
(2,1,2,5) 0.0013677
(3,1,2,5) 0.0009957
(4,1,2,5) 0.0012038
(5,1,2,5) 0.0013451
(1,2,2,5) 0.0003669
(2,2,2,5) 0.0002643
(3,2,2,5) 0.0002710
(4,2,2,5) 0.0004310
(5,2,2,5) 0.0002675
(1,3,2,5) 0.0000855
(2,3,2,5) 0.0003251
(3,3,2,5) 0.0005451
(4,3,2,5) 0.0003723
(5,3,2,5) 0.0004512
(1,4,2,5) 0.0000883
(2,4,2,5) 0.0002901
(3,4,2,5) 0.0002763
(4,4,2,5) 0.0003049
(5,4,2,5) 0.0001486
(1,1,3,5) 0.0001916
(2,1,3,5) 0.0005939
(3,1,3,5) 0.0003166
(4,1,3,5) 0.0005888
(5,1,3,5) 0.0003708
(1,2,3,5) 0.0001283
(2,2,3,5) 0.0001137
(3,2,3,5) 0.0001460
(4,2,3,5) 0.0001494
(5,2,3,5) 0.0001120
(1,3,3,5) 0.0000340
(2,3,3,5) 0.0001140
(3,3,3,5) 0.0002094
(4,3,3,5) 0.0001189
(5,3,3,5) 0.0001661
(1,4,3,5) 0.0000297
(2,4,3,5) 0.0001032
(3,4,3,5) 0.0001043
(4,4,3,5) 0.0000994
(5,4,3,5) 0.0000794
(1,1,4,5) 0.0003700
(2,1,4,5) 0.0011627
(3,1,4,5) 0.0006054
(4,1,4,5) 0.0011609
(5,1,4,5) 0.0006994
(1,2,4,5) 0.0002474
(2,2,4,5) 0.0002224
(3,2,4,5) 0.0002892
(4,2,4,5) 0.0002877
(5,2,4,5) 0.0002187
(1,3,4,5) 0.0000662
(2,3,4,5) 0.0002197
(3,3,4,5) 0.0004066
(4,3,4,5) 0.0002275
(5,3,4,5) 0.0003214
(1,4,4,5) 0.0000570
(2,4,4,5) 0.0001993
(3,4,4,5) 0.0002023
(4,4,4,5) 0.0001904
(5,4,4,5) 0.0001573
(1,1,5,5) 0.0006588
(2,1,5,5) 0.0016224
(3,1,5,5) 0.0012563
(4,1,5,5) 0.0013852
(5,1,5,5) 0.0017341
(1,2,5,5) 0.0004554
(2,2,5,5) 0.0003142
(3,2,5,5) 0.0003032
(4,2,5,5) 0.0005358
(5,2,5,5) 0.0003200
(1,3,5,5) 0.0001035
(2,3,5,5) 0.0004033
(3,3,5,5) 0.0006644
(4,3,5,5) 0.0004694
(5,3,5,5) 0.0005546
(1,4,5,5) 0.0001104
(2,4,5,5) 0.0003590
(3,4,5,5) 0.0003379
(4,4,5,5) 0.0003831
(5,4,5,5) 0.0001666

L = 
ITensor ord=4: (dim=5|id=421|"Ll1") (dim=5|id=293|"Lr1") (dim=5|id=530|"Ll2") (dim=5|id=81|"Lr2") 
{norm=21.24 (Dense Real)}
(1,1,1,1) 0.7445471
(2,1,1,1) 0.5038734
(3,1,1,1) 0.3004243
(4,1,1,1) 0.3057488
(5,1,1,1) 0.0005571
(1,2,1,1) 1.9182579
(2,2,1,1) 0.3643774
(3,2,1,1) 0.2943196
(4,2,1,1) 0.4195890
(5,2,1,1) 0.0004043
(1,3,1,1) 0.5523605
(2,3,1,1) 0.5660577
(3,3,1,1) 0.7575751
(4,3,1,1) 0.4535510
(5,3,1,1) 0.0008570
(1,4,1,1) 0.6647919
(2,4,1,1) 0.5821564
(3,4,1,1) 0.4433274
(4,4,1,1) 0.4279046
(5,4,1,1) 0.0003162
(1,5,1,1) 2.7775074
(2,5,1,1) 0.4875968
(3,5,1,1) 0.1405546
(4,5,1,1) 0.2354129
(5,5,1,1) 0.0006588
(1,1,2,1) 0.5038734
(2,1,2,1) 0.4445613
(3,1,2,1) 0.1701576
(4,1,2,1) 0.3166893
(5,1,2,1) 0.0002532
(1,2,2,1) 1.2500122
(2,2,2,1) 0.3173563
(3,2,2,1) 0.3463143
(4,2,2,1) 0.2697678
(5,2,2,1) 0.0003393
(1,3,2,1) 0.4317004
(2,3,2,1) 0.3700162
(3,3,2,1) 0.5642439
(4,3,2,1) 0.2586857
(5,3,2,1) 0.0006008
(1,4,2,1) 0.4089279
(2,4,2,1) 0.3887692
(3,4,2,1) 0.3223108
(4,4,2,1) 0.2514739
(5,4,2,1) 0.0003684
(1,5,2,1) 2.0536512
(2,5,2,1) 0.3342832
(3,5,2,1) 0.1165249
(4,5,2,1) 0.1977871
(5,5,2,1) 0.0004338
(1,1,3,1) 0.3004243
(2,1,3,1) 0.1701576
(3,1,3,1) 0.1318353
(4,1,3,1) 0.0882266
(5,1,3,1) 0.0002644
(1,2,3,1) 0.7894376
(2,2,3,1) 0.1243719
(3,2,3,1) 0.0716546
(4,2,3,1) 0.1738466
(5,2,3,1) 0.0001421
(1,3,3,1) 0.2043443
(2,3,3,1) 0.2325863
(3,3,3,1) 0.2891766
(4,3,3,1) 0.1984561
(5,3,3,1) 0.0003391
(1,4,3,1) 0.2813596
(2,4,3,1) 0.2365664
(3,4,3,1) 0.1717470
(4,4,3,1) 0.1848602
(5,4,3,1) 0.0000781
(1,5,3,1) 1.0650282
(2,5,3,1) 0.1953680
(3,5,3,1) 0.0498613
(4,5,3,1) 0.0826728
(5,5,3,1) 0.0002697
(1,1,4,1) 0.3057488
(2,1,4,1) 0.3166893
(3,1,4,1) 0.0882266
(4,1,4,1) 0.2419107
(5,1,4,1) 0.0000976
(1,2,4,1) 0.7366740
(2,2,4,1) 0.2246377
(3,2,4,1) 0.2768168
(4,2,4,1) 0.1572641
(5,2,4,1) 0.0002357
(1,3,4,1) 0.2881875
(2,3,4,1) 0.2186045
(3,3,4,1) 0.3657434
(4,3,4,1) 0.1351023
(5,3,4,1) 0.0003740
(1,4,4,1) 0.2295698
(2,4,4,1) 0.2335447
(3,4,4,1) 0.2056772
(4,4,4,1) 0.1353232
(5,4,4,1) 0.0002936
(1,5,4,1) 1.3249843
(2,5,4,1) 0.2047911
(3,5,4,1) 0.0804065
(4,5,4,1) 0.1374500
(5,5,4,1) 0.0002578
(1,1,5,1) 0.0005571
(2,1,5,1) 0.0002532
(3,1,5,1) 0.0002644
(4,1,5,1) 0.0000976
(1,2,5,1) 0.0014929
(2,2,5,1) 0.0001881
(3,2,5,1) 0.0000444
(4,2,5,1) 0.0003309
(1,3,5,1) 0.0003441
(2,3,5,1) 0.0004392
(3,3,5,1) 0.0005052
(4,3,5,1) 0.0003970
(1,4,5,1) 0.0005464
(2,4,5,1) 0.0004418
(3,4,5,1) 0.0003051
(4,4,5,1) 0.0003657
(1,5,5,1) 0.0018703
(2,5,5,1) 0.0003597
(3,5,5,1) 0.0000796
(4,5,5,1) 0.0001302
(1,1,1,2) 1.9182579
(2,1,1,2) 1.2500122
(3,1,1,2) 0.7894376
(4,1,1,2) 0.7366740
(5,1,1,2) 0.0014929
(1,2,1,2) 4.9646239
(2,2,1,2) 0.9058704
(3,2,1,2) 0.6898501
(4,2,1,2) 1.0876333
(5,2,1,2) 0.0010109
(1,3,1,2) 1.3961797
(2,3,1,2) 1.4644729
(3,3,1,2) 1.9278435
(4,3,1,2) 1.1909785
(5,3,1,2) 0.0021982
(1,4,1,2) 1.7318333
(2,4,1,2) 1.5022946
(3,4,1,2) 1.1318257
(4,4,1,2) 1.1201844
(5,4,1,2) 0.0007427
(1,5,1,2) 7.0750756
(2,5,1,2) 1.2542482
(3,5,1,2) 0.3521700
(4,5,1,2) 0.5886254
(5,5,1,2) 0.0017030
(1,1,2,2) 0.3643774
(2,1,2,2) 0.3173563
(3,1,2,2) 0.1243719
(4,1,2,2) 0.2246377
(5,1,2,2) 0.0001881
(1,2,2,2) 0.9058704
(2,2,2,2) 0.2266755
(3,2,2,2) 0.2445714
(4,2,2,2) 0.1956491
(5,2,2,2) 0.0002427
(1,3,2,2) 0.3098770
(2,3,2,2) 0.2680991
(3,3,2,2) 0.4059789
(4,3,2,2) 0.1889934
(5,3,2,2) 0.0004336
(1,4,2,2) 0.2973510
(2,4,2,2) 0.2813471
(3,4,2,2) 0.2321912
(4,4,2,2) 0.1833736
(5,4,2,2) 0.0002603
(1,5,2,2) 1.4781667
(2,5,2,2) 0.2415663
(3,5,2,2) 0.0834119
(4,5,2,2) 0.1414963
(5,5,2,2) 0.0003142
(1,1,3,2) 0.2943196
(2,1,3,2) 0.3463143
(3,1,3,2) 0.0716546
(4,1,3,2) 0.2768168
(5,1,3,2) 0.0000444
(1,2,3,2) 0.6898501
(2,2,3,2) 0.2445714
(3,2,3,2) 0.3253756
(4,2,3,2) 0.1457043
(5,2,3,2) 0.0002532
(1,3,3,2) 0.3005915
(2,3,3,2) 0.2052024
(3,3,3,2) 0.3727117
(4,3,3,2) 0.1107323
(5,3,3,2) 0.0003683
(1,4,3,2) 0.2045850
(2,4,3,2) 0.2227303
(3,4,3,2) 0.2069121
(4,4,3,2) 0.1150064
(5,4,3,2) 0.0003444
(1,5,3,2) 1.3451053
(2,5,3,2) 0.1988578
(3,5,3,2) 0.0859704
(4,5,3,2) 0.1477144
(5,5,3,2) 0.0002434
(1,1,4,2) 0.4195890
(2,1,4,2) 0.2697678
(3,1,4,2) 0.1738466
(4,1,4,2) 0.1572641
(5,1,4,2) 0.0003309
(1,2,4,2) 1.0876333
(2,2,4,2) 0.1956491
(3,2,4,2) 0.1457043
(4,2,4,2) 0.2384033
(5,2,4,2) 0.0002188
(1,3,4,2) 0.3033507
(2,3,4,2) 0.3207914
(3,3,4,2) 0.4198674
(4,3,4,2) 0.2622100
(5,3,4,2) 0.0004801
(1,4,4,2) 0.3802567
(2,4,4,2) 0.3287872
(3,4,4,2) 0.2467831
(4,4,4,2) 0.2463671
(5,4,4,2) 0.0001570
(1,5,4,2) 1.5414264
(2,5,4,2) 0.2741956
(3,5,4,2) 0.0762767
(4,5,4,2) 0.1273957
(5,5,4,2) 0.0003729
(1,1,5,2) 0.0004043
(2,1,5,2) 0.0003393
(3,1,5,2) 0.0001421
(4,1,5,2) 0.0002357
(1,2,5,2) 0.0010109
(2,2,5,2) 0.0002427
(3,2,5,2) 0.0002532
(4,2,5,2) 0.0002188
(1,3,5,2) 0.0003366
(2,3,5,2) 0.0002990
(3,3,5,2) 0.0004440
(4,3,5,2) 0.0002156
(1,4,5,2) 0.0003349
(2,4,5,2) 0.0003128
(3,4,5,2) 0.0002548
(4,4,5,2) 0.0002081
(1,5,5,2) 0.0016185
(2,5,5,2) 0.0002675
(3,5,5,2) 0.0000899
(4,5,5,2) 0.0001522
(1,1,1,3) 0.5523605
(2,1,1,3) 0.4317004
(3,1,1,3) 0.2043443
(4,1,1,3) 0.2881875
(5,1,1,3) 0.0003441
(1,2,1,3) 1.3961797
(2,2,1,3) 0.3098770
(3,2,1,3) 0.3005915
(4,2,1,3) 0.3033507
(5,2,1,3) 0.0003366
(1,3,1,3) 0.4421408
(2,3,1,3) 0.4126412
(3,3,1,3) 0.5908427
(4,3,1,3) 0.3095043
(5,3,1,3) 0.0006474
(1,4,1,3) 0.4702904
(2,4,1,3) 0.4289769
(3,4,1,3) 0.3413518
(4,4,1,3) 0.2961483
(5,4,1,3) 0.0003209
(1,5,1,3) 2.1578055
(2,5,1,3) 0.3641399
(3,5,1,3) 0.1162383
(4,5,1,3) 0.1961511
(5,5,1,3) 0.0004820
(1,1,2,3) 0.5660577
(2,1,2,3) 0.3700162
(3,1,2,3) 0.2325863
(4,1,2,3) 0.2186045
(5,1,2,3) 0.0004392
(1,2,2,3) 1.4644729
(2,2,2,3) 0.2680991
(3,2,2,3) 0.2052024
(4,2,2,3) 0.3207914
(5,2,2,3) 0.0002990
(1,3,2,3) 0.4126412
(2,3,2,3) 0.4320054
(3,3,2,3) 0.5694592
(4,3,2,3) 0.3509090
(5,3,2,3) 0.0006489
(1,4,2,3) 0.5105905
(2,4,2,3) 0.4432535
(3,4,2,3) 0.3342375
(4,4,2,3) 0.3301311
(5,4,2,3) 0.0002209
(1,5,2,3) 2.0897134
(2,5,2,3) 0.3701632
(3,5,2,3) 0.1041595
(4,5,2,3) 0.1741246
(5,5,2,3) 0.0005024
(1,1,3,3) 0.7575751
(2,1,3,3) 0.5642439
(3,1,3,3) 0.2891766
(4,1,3,3) 0.3657434
(5,1,3,3) 0.0005052
(1,2,3,3) 1.9278435
(2,2,3,3) 0.4059789
(3,2,3,3) 0.3727117
(4,2,3,3) 0.4198674
(5,2,3,3) 0.0004440
(1,3,3,3) 0.5908427
(2,3,3,3) 0.5694592
(3,3,3,3) 0.7964942
(4,3,3,3) 0.4374657
(5,3,3,3) 0.0008823
(1,4,3,3) 0.6560291
(2,4,3,3) 0.5897513
(3,4,3,3) 0.4621797
(4,4,3,3) 0.4164204
(5,4,3,3) 0.0003986
(1,5,3,3) 2.9127086
(2,5,3,3) 0.4982699
(3,5,3,3) 0.1536690
(4,5,3,3) 0.2586828
(5,5,3,3) 0.0006644
(1,1,4,3) 0.4535510
(2,1,4,3) 0.2586857
(3,1,4,3) 0.1984561
(4,1,4,3) 0.1351023
(5,1,4,3) 0.0003970
(1,2,4,3) 1.1909785
(2,2,4,3) 0.1889934
(3,2,4,3) 0.1107323
(4,2,4,3) 0.2622100
(5,2,4,3) 0.0002156
(1,3,4,3) 0.3095043
(2,3,4,3) 0.3509090
(3,3,4,3) 0.4374657
(4,3,4,3) 0.2987714
(5,3,4,3) 0.0005123
(1,4,4,3) 0.4240575
(2,4,4,3) 0.3570542
(3,4,4,3) 0.2596738
(4,4,4,3) 0.2784218
(5,4,4,3) 0.0001206
(1,5,4,3) 1.6108958
(2,5,4,3) 0.2950221
(3,5,4,3) 0.0756474
(4,5,4,3) 0.1254794
(5,5,4,3) 0.0004069
(1,1,5,3) 0.0008570
(2,1,5,3) 0.0006008
(3,1,5,3) 0.0003391
(4,1,5,3) 0.0003740
(1,2,5,3) 0.0021982
(2,2,5,3) 0.0004336
(3,2,5,3) 0.0003683
(4,2,5,3) 0.0004801
(1,3,5,3) 0.0006474
(2,3,5,3) 0.0006489
(3,3,5,3) 0.0008823
(4,3,5,3) 0.0005123
(1,4,5,3) 0.0007569
(2,4,5,3) 0.0006690
(3,4,5,3) 0.0005147
(4,4,5,3) 0.0004849
(1,5,5,3) 0.0032318
(2,5,5,3) 0.0005621
(3,5,5,3) 0.0001661
(4,5,5,3) 0.0002787
(1,1,1,4) 0.6647919
(2,1,1,4) 0.4089279
(3,1,1,4) 0.2813596
(4,1,1,4) 0.2295698
(5,1,1,4) 0.0005464
(1,2,1,4) 1.7318333
(2,2,1,4) 0.2973510
(3,2,1,4) 0.2045850
(4,2,1,4) 0.3802567
(5,2,1,4) 0.0003349
(1,3,1,4) 0.4702904
(2,3,1,4) 0.5105905
(3,3,1,4) 0.6560291
(4,3,1,4) 0.4240575
(5,3,1,4) 0.0007569
(1,4,1,4) 0.6097887
(2,4,1,4) 0.5218560
(3,4,1,4) 0.3870212
(4,4,1,4) 0.3971451
(5,4,1,4) 0.0002212
(1,5,1,4) 2.4111597
(2,5,1,4) 0.4336643
(3,5,1,4) 0.1170307
(4,5,1,4) 0.1949761
(5,5,1,4) 0.0005930
(1,1,2,4) 0.5821564
(2,1,2,4) 0.3887692
(3,1,2,4) 0.2365664
(4,1,2,4) 0.2335447
(5,1,2,4) 0.0004418
(1,2,2,4) 1.5022946
(2,2,2,4) 0.2813471
(3,2,2,4) 0.2227303
(4,2,2,4) 0.3287872
(5,2,2,4) 0.0003128
(1,3,2,4) 0.4289769
(2,3,2,4) 0.4432535
(3,3,2,4) 0.5897513
(4,3,2,4) 0.3570542
(5,3,2,4) 0.0006690
(1,4,2,4) 0.5218560
(2,4,2,4) 0.4554459
(3,4,2,4) 0.3455143
(4,4,2,4) 0.3364916
(5,4,2,4) 0.0002394
(1,5,2,4) 2.1629692
(2,5,2,4) 0.3810325
(3,5,2,4) 0.1088227
(4,5,2,4) 0.1821338
(5,5,2,4) 0.0005157
(1,1,3,4) 0.4433274
(2,1,3,4) 0.3223108
(3,1,3,4) 0.1717470
(4,1,3,4) 0.2056772
(5,1,3,4) 0.0003051
(1,2,3,4) 1.1318257
(2,2,3,4) 0.2321912
(3,2,3,4) 0.2069121
(4,2,3,4) 0.2467831
(5,2,3,4) 0.0002548
(1,3,3,4) 0.3413518
(2,3,3,4) 0.3342375
(3,3,3,4) 0.4621797
(4,3,3,4) 0.2596738
(5,3,3,4) 0.0005147
(1,4,3,4) 0.3870212
(2,4,3,4) 0.3455143
(3,4,3,4) 0.2687682
(4,4,3,4) 0.2465863
(5,4,3,4) 0.0002215
(1,5,3,4) 1.6912579
(2,5,3,4) 0.2912566
(3,5,3,4) 0.0882972
(4,5,3,4) 0.1484519
(5,5,3,4) 0.0003897
(1,1,4,4) 0.4279046
(2,1,4,4) 0.2514739
(3,1,4,4) 0.1848602
(4,1,4,4) 0.1353232
(5,1,4,4) 0.0003657
(1,2,4,4) 1.1201844
(2,2,4,4) 0.1833736
(3,2,4,4) 0.1150064
(4,2,4,4) 0.2463671
(5,2,4,4) 0.0002081
(1,3,4,4) 0.2961483
(2,3,4,4) 0.3301311
(3,3,4,4) 0.4164204
(4,3,4,4) 0.2784218
(5,3,4,4) 0.0004849
(1,4,4,4) 0.3971451
(2,4,4,4) 0.3364916
(3,4,4,4) 0.2465863
(4,4,4,4) 0.2599492
(5,4,4,4) 0.0001249
(1,5,4,4) 1.5322636
(2,5,4,4) 0.2786478
(3,5,4,4) 0.0729025
(4,5,4,4) 0.1211388
(5,5,4,4) 0.0003831
(1,1,5,4) 0.0003162
(2,1,5,4) 0.0003684
(3,1,5,4) 0.0000781
(4,1,5,4) 0.0002936
(1,2,5,4) 0.0007427
(2,2,5,4) 0.0002603
(3,2,5,4) 0.0003444
(4,2,5,4) 0.0001570
(1,3,5,4) 0.0003209
(2,3,5,4) 0.0002209
(3,3,5,4) 0.0003986
(4,3,5,4) 0.0001206
(1,4,5,4) 0.0002212
(2,4,5,4) 0.0002394
(3,4,5,4) 0.0002215
(4,4,5,4) 0.0001249
(1,5,5,4) 0.0014389
(2,5,5,4) 0.0002135
(3,5,5,4) 0.0000916
(4,5,5,4) 0.0001573
(1,1,1,5) 2.7775074
(2,1,1,5) 2.0536512
(3,1,1,5) 1.0650282
(4,1,1,5) 1.3249843
(5,1,1,5) 0.0018703
(1,2,1,5) 7.0750756
(2,2,1,5) 1.4781667
(3,2,1,5) 1.3451053
(4,2,1,5) 1.5414264
(5,2,1,5) 0.0016185
(1,3,1,5) 2.1578055
(2,3,1,5) 2.0897134
(3,3,1,5) 2.9127086
(4,3,1,5) 1.6108958
(5,3,1,5) 0.0032318
(1,4,1,5) 2.4111597
(2,4,1,5) 2.1629692
(3,4,1,5) 1.6912579
(4,4,1,5) 1.5322636
(5,4,1,5) 0.0014389
(1,5,1,5) 10.6536313
(2,5,1,5) 1.8261885
(3,5,1,5) 0.5602894
(4,5,1,5) 0.9428239
(5,5,1,5) 0.0024375
(1,1,2,5) 0.4875968
(2,1,2,5) 0.3342832
(3,1,2,5) 0.1953680
(4,1,2,5) 0.2047911
(5,1,2,5) 0.0003597
(1,2,2,5) 1.2542482
(2,2,2,5) 0.2415663
(3,2,2,5) 0.1988578
(4,2,2,5) 0.2741956
(5,2,2,5) 0.0002675
(1,3,2,5) 0.3641399
(2,3,2,5) 0.3701632
(3,3,2,5) 0.4982699
(4,3,2,5) 0.2950221
(5,3,2,5) 0.0005621
(1,4,2,5) 0.4336643
(2,4,2,5) 0.3810325
(3,4,2,5) 0.2912566
(4,4,2,5) 0.2786478
(5,4,2,5) 0.0002135
(1,5,2,5) 1.8261885
(2,5,2,5) 0.3195012
(3,5,2,5) 0.0929368
(4,5,2,5) 0.1557674
(5,5,2,5) 0.0004310
(1,1,3,5) 0.1405546
(2,1,3,5) 0.1165249
(3,1,3,5) 0.0498613
(4,1,3,5) 0.0804065
(5,1,3,5) 0.0000796
(1,2,3,5) 0.3521700
(2,2,3,5) 0.0834119
(3,2,3,5) 0.0859704
(4,2,3,5) 0.0762767
(5,2,3,5) 0.0000899
(1,3,3,5) 0.1162383
(2,3,3,5) 0.1041595
(3,3,3,5) 0.1536690
(4,3,3,5) 0.0756474
(5,3,3,5) 0.0001661
(1,4,3,5) 0.1170307
(2,4,3,5) 0.1088227
(3,4,3,5) 0.0882972
(4,4,3,5) 0.0729025
(5,4,3,5) 0.0000916
(1,5,3,5) 0.5602894
(2,5,3,5) 0.0929368
(3,5,3,5) 0.0309575
(4,5,3,5) 0.0523920
(5,5,3,5) 0.0001219
(1,1,4,5) 0.2354129
(2,1,4,5) 0.1977871
(3,1,4,5) 0.0826728
(4,1,4,5) 0.1374500
(5,1,4,5) 0.0001302
(1,2,4,5) 0.5886254
(2,2,4,5) 0.1414963
(3,2,4,5) 0.1477144
(4,2,4,5) 0.1273957
(5,2,4,5) 0.0001522
(1,3,4,5) 0.1961511
(2,3,4,5) 0.1741246
(3,3,4,5) 0.2586828
(4,3,4,5) 0.1254794
(5,3,4,5) 0.0002787
(1,4,4,5) 0.1949761
(2,4,4,5) 0.1821338
(3,4,4,5) 0.1484519
(4,4,4,5) 0.1211388
(5,4,4,5) 0.0001573
(1,5,4,5) 0.9428239
(2,5,4,5) 0.1557674
(3,5,4,5) 0.0523920
(4,5,4,5) 0.0887243
(5,5,4,5) 0.0002038
(1,1,5,5) 0.0006588
(2,1,5,5) 0.0004338
(3,1,5,5) 0.0002697
(4,1,5,5) 0.0002578
(1,2,5,5) 0.0017030
(2,2,5,5) 0.0003142
(3,2,5,5) 0.0002434
(4,2,5,5) 0.0003729
(1,3,5,5) 0.0004820
(2,3,5,5) 0.0005024
(3,3,5,5) 0.0006644
(4,3,5,5) 0.0004069
(1,4,5,5) 0.0005930
(2,4,5,5) 0.0005157
(3,4,5,5) 0.0003897
(4,4,5,5) 0.0003831
(1,5,5,5) 0.0024375
(2,5,5,5) 0.0004310
(3,5,5,5) 0.0001219
(4,5,5,5) 0.0002038

VR = 
ITensor ord=2: (dim=5|id=311|"Rr1") (dim=5|id=762|"Rr2") 
{norm=1.00 (Dense Cplx)}
(1,1) 0.058276+0.000000i
(2,1) 0.111675-0.000000i
(3,1) 0.114226-0.000000i
(4,1) 0.122894-0.000000i
(5,1) 0.110870-0.000000i
(1,2) 0.111675-0.000000i
(2,2) 0.237358+0.000000i
(3,2) 0.235743+0.000000i
(4,2) 0.252607+0.000000i
(5,2) 0.211738+0.000000i
(1,3) 0.114226+0.000000i
(2,3) 0.235743+0.000000i
(3,3) 0.237386-0.000000i
(4,3) 0.252443+0.000000i
(5,3) 0.217758+0.000000i
(1,4) 0.122894+0.000000i
(2,4) 0.252607+0.000000i
(3,4) 0.252443+0.000000i
(4,4) 0.272255+0.000000i
(5,4) 0.232455+0.000000i
(1,5) 0.110870-0.000000i
(2,5) 0.211738+0.000000i
(3,5) 0.217758-0.000000i
(4,5) 0.232455+0.000000i
(5,5) 0.212515+0.000000i

VL = 
ITensor ord=2: (dim=5|id=421|"Ll1") (dim=5|id=530|"Ll2") 
{norm=1.00 (Dense Cplx)}
(1,1) 0.112585-0.000000i
(2,1) 0.163782+0.000000i
(3,1) 0.135840+0.000000i
(4,1) 0.118394-0.000000i
(5,1) 0.195371-0.000000i
(1,2) 0.163782+0.000000i
(2,2) 0.240740-0.000000i
(3,2) 0.201766+0.000000i
(4,2) 0.177974-0.000000i
(5,2) 0.287911-0.000000i
(1,3) 0.135840-0.000000i
(2,3) 0.201766+0.000000i
(3,3) 0.173266+0.000000i
(4,3) 0.154917-0.000000i
(5,3) 0.241108-0.000000i
(1,4) 0.118394+0.000000i
(2,4) 0.177974-0.000000i
(3,4) 0.154917+0.000000i
(4,4) 0.140368-0.000000i
(5,4) 0.213101-0.000000i
(1,5) 0.195371-0.000000i
(2,5) 0.287911-0.000000i
(3,5) 0.241108-0.000000i
(4,5) 0.213101-0.000000i
(5,5) 0.345072-0.000000i

VR = 
ITensor ord=2: (dim=5|id=311|"Rr1") (dim=5|id=762|"Rr2") 
{norm=1.03 (Dense Cplx)}
(1,1) 0.059926+0.000000i
(2,1) 0.114838-0.000000i
(3,1) 0.117461-0.000000i
(4,1) 0.126374-0.000000i
(5,1) 0.114010-0.000000i
(1,2) 0.114838-0.000000i
(2,2) 0.244079+0.000000i
(3,2) 0.242419+0.000000i
(4,2) 0.259761+0.000000i
(5,2) 0.217735+0.000000i
(1,3) 0.117461+0.000000i
(2,3) 0.242419+0.000000i
(3,3) 0.244109-0.000000i
(4,3) 0.259592+0.000000i
(5,3) 0.223924+0.000000i
(1,4) 0.126374+0.000000i
(2,4) 0.259761+0.000000i
(3,4) 0.259592+0.000000i
(4,4) 0.279965+0.000000i
(5,4) 0.239038+0.000000i
(1,5) 0.114010-0.000000i
(2,5) 0.217735+0.000000i
(3,5) 0.223924-0.000000i
(4,5) 0.239038+0.000000i
(5,5) 0.218534+0.000000i

VL = 
ITensor ord=2: (dim=5|id=421|"Ll1") (dim=5|id=530|"Ll2") 
{norm=1.03 (Dense Cplx)}
(1,1) 0.115773-0.000000i
(2,1) 0.168420+0.000000i
(3,1) 0.139687+0.000000i
(4,1) 0.121747-0.000000i
(5,1) 0.200903-0.000000i
(1,2) 0.168420+0.000000i
(2,2) 0.247558-0.000000i
(3,2) 0.207480+0.000000i
(4,2) 0.183014-0.000000i
(5,2) 0.296064-0.000000i
(1,3) 0.139687-0.000000i
(2,3) 0.207480+0.000000i
(3,3) 0.178173+0.000000i
(4,3) 0.159304-0.000000i
(5,3) 0.247935-0.000000i
(1,4) 0.121747+0.000000i
(2,4) 0.183014-0.000000i
(3,4) 0.159304+0.000000i
(4,4) 0.144343-0.000000i
(5,4) 0.219136-0.000000i
(1,5) 0.200903-0.000000i
(2,5) 0.296064-0.000000i
(3,5) 0.247936-0.000000i
(4,5) 0.219136-0.000000i
(5,5) 0.354844-0.000000i

eigval = 
ITensor ord=2: (dim=5|id=342|"Link")' (dim=5|id=342|"Link") 
{norm=1.03 (Diag Real)}
(1,1) 1.0281900
(2,2) 0.0161552
(3,3) 0.0020246
(5,5) 0.0002358

X = 
ITensor ord=2: (dim=5|id=307) (dim=5|id=342|"Link")' 
{norm=1.02 (Dense Cplx)}
(1,1) 0.240590-0.000000i
(2,1) 0.489477+0.000000i
(3,1) 0.492778-0.000000i
(4,1) 0.527724+0.000000i
(5,1) 0.457598-0.000000i
(1,2) 0.042557-0.000000i
(2,2) -0.066447+0.000000i
(3,2) -0.017878+0.000000i
(4,2) -0.023581-0.000000i
(5,2) 0.095149+0.000000i
(1,3) 0.013170+0.000000i
(2,3) -0.003088-0.000000i
(3,3) -0.029902+0.000000i
(4,3) 0.030151+0.000000i
(5,3) -0.006193-0.000000i
(1,4) 0.002032+0.000000i
(2,4) 0.001311+0.000000i
(3,4) -0.000491-0.000000i
(4,4) -0.001325-0.000000i
(5,4) -0.000414+0.000000i
(1,5) -0.007378-0.000000i
(2,5) 0.008045+0.000000i
(3,5) -0.008013-0.000000i
(4,5) -0.002505+0.000000i
(5,5) 0.006792+0.000000i

X_inv = 
ITensor ord=2: (dim=5|id=532) (dim=5|id=342|"Link")' 
{norm=359.97 (Dense Cplx)}
(1,1) 0.233993+0.000000i
(2,1) 0.476057-0.000000i
(3,1) 0.479268+0.000000i
(4,1) 0.513255+0.000000i
(5,1) 0.445052+0.000000i
(1,2) 2.634230+0.000000i
(2,2) -4.113051-0.000000i
(3,2) -1.106629-0.000000i
(4,2) -1.459643+0.000000i
(5,2) 5.889643+0.000000i
(1,3) 6.505274-0.000000i
(2,3) -1.525097+0.000000i
(3,3) -14.769530-0.000000i
(4,3) 14.892684+0.000000i
(5,3) -3.058834+0.000000i
(1,4) 253.521641+0.000000i
(2,4) 163.572523-0.000000i
(3,4) -61.241351+0.000000i
(4,4) -165.333353+0.000000i
(5,4) -51.641338-0.000000i
(1,5) -31.291914+0.000000i
(2,5) 34.123181+0.000000i
(3,5) -33.986628+0.000000i
(4,5) -10.626508-0.000000i
(5,5) 28.806359-0.000000i

eigval = 
ITensor ord=2: (dim=5|id=520|"Link")' (dim=5|id=520|"Link") 
{norm=1.03 (Diag Real)}
(1,1) 1.0282585
(2,2) 0.0110711
(3,3) 0.0012705
(5,5) 0.0000812

Y = 
ITensor ord=2: (dim=5|id=19) (dim=5|id=520|"Link")' 
{norm=1.02 (Dense Cplx)}
(1,1) 0.336514+0.000000i
(2,1) 0.496853+0.000000i
(3,1) 0.419712+0.000000i
(4,1) 0.372250+0.000000i
(5,1) 0.594496+0.000000i
(1,2) -0.045408-0.000000i
(2,2) -0.025701-0.000000i
(3,2) 0.041599+0.000000i
(4,2) 0.075766+0.000000i
(5,2) -0.029627+0.000000i
(1,3) -0.021572+0.000000i
(2,3) -0.002491-0.000000i
(3,3) -0.015895+0.000000i
(4,3) 0.003960-0.000000i
(5,3) 0.023035+0.000000i
(1,4) -0.001737+0.000000i
(2,4) 0.001902+0.000000i
(3,4) 0.000956-0.000000i
(4,4) -0.001142+0.000000i
(5,4) -0.000566-0.000000i
(1,5) -0.000820+0.000000i
(2,5) -0.004944-0.000000i
(3,5) 0.005510+0.000000i
(4,5) -0.003951+0.000000i
(5,5) 0.003179+0.000000i

lambda immediately before svd
lambda = 
ITensor ord=2: (dim=5|id=45|"U,Link") (dim=5|id=278|"V,Link") 
{norm=3.38 (Diag Real)}
(1,1) 3.1488344
(2,2) 0.8420178
(3,3) 0.6759450
(4,4) 0.5860463
(5,5) 0.0009212

bond dimension is 2
lambda after svd
lambda = 
ITensor ord=2: (dim=2|id=679|"U,Link") (dim=2|id=533|"V,Link") 
{norm=0.72 (Diag Real)}
(1,1) 0.7154164
(2,2) 0.0067228

Gamma = 
ITensor ord=3: (dim=5|id=93|"Gr") (dim=5|id=53|"Gl") (dim=2|id=363|"Gu") 
{norm=48.03 (Dense Cplx)}
(1,1,1) 2.739071-0.000000i
(2,1,1) 2.421978-0.000000i
(1,2,1) -2.421701-0.000000i
(2,2,1) -10.748603-0.000000i
(1,1,2) 2.441855+0.000000i
(2,1,2) -2.712789+0.000000i
(1,2,2) 2.713002+0.000000i
(2,2,2) -46.384874-0.000000i

ending canonicalization
lambda after combining
lambda = 
ITensor ord=2: (dim=4|id=625|"CMB,Link") (dim=4|id=338|"CMB,Link") 
{norm=1.01 (Dense Real)}
(1,1) 0.7154164
(2,2) 0.0067228
(3,3) 0.7154164
(4,4) 0.0067228

starting canonicalization
R = 
ITensor ord=4: (dim=4|id=959|"Rl1") (dim=4|id=576|"Rr1") (dim=4|id=165|"Rl2") (dim=4|id=302|"Rr2") 
{norm=1.72 (Dense Cplx)}
(1,1,1,1) 1.239623-0.000000i
(2,1,1,1) -0.767878-0.000000i
(1,2,1,1) 0.007217-0.000000i
(2,2,1,1) -0.069003-0.000000i
(1,1,2,1) -0.767878-0.000000i
(2,1,2,1) 0.475658+0.000000i
(1,2,2,1) -0.004470-0.000000i
(2,2,2,1) 0.042743+0.000000i
(1,1,1,2) 0.007217-0.000000i
(2,1,1,2) -0.004470-0.000000i
(1,2,1,2) 0.000042-0.000000i
(2,2,1,2) -0.000402+0.000000i
(1,1,2,2) -0.069003-0.000000i
(2,1,2,2) 0.042743+0.000000i
(1,2,2,2) -0.000402+0.000000i
(2,2,2,2) 0.003841+0.000000i

L = 
ITensor ord=4: (dim=4|id=321|"Lr1") (dim=4|id=679|"Ll1") (dim=4|id=147|"Lr2") (dim=4|id=648|"Ll2") 
{norm=1.72 (Dense Cplx)}
(1,1,1,1) 1.239623-0.000000i
(2,1,1,1) 0.768001-0.000000i
(1,2,1,1) -0.007216-0.000000i
(2,2,1,1) -0.069003-0.000000i
(1,1,2,1) 0.768001-0.000000i
(2,1,2,1) 0.475811-0.000000i
(1,2,2,1) -0.004470-0.000000i
(2,2,2,1) -0.042750+0.000000i
(1,1,1,2) -0.007216-0.000000i
(2,1,1,2) -0.004470-0.000000i
(1,2,1,2) 0.000042+0.000000i
(2,2,1,2) 0.000402+0.000000i
(1,1,2,2) -0.069003-0.000000i
(2,1,2,2) -0.042750+0.000000i
(1,2,2,2) 0.000402+0.000000i
(2,2,2,2) 0.003841+0.000000i

VR = 
ITensor ord=2: (dim=4|id=576|"Rr1") (dim=4|id=302|"Rr2") 
{norm=1.00 (Dense Cplx)}
(1,1) 0.742633-0.000000i
(2,1) -0.437183-0.000000i
(1,2) -0.437183-0.000000i
(2,2) 0.257367+0.000000i

VL = 
ITensor ord=2: (dim=4|id=679|"Ll1") (dim=4|id=648|"Ll2") 
{norm=1.00 (Dense Cplx)}
(1,1) 0.742572-0.000000i
(2,1) 0.437217-0.000000i
(1,2) 0.437217-0.000000i
(2,2) 0.257428-0.000000i

VR = 
ITensor ord=2: (dim=4|id=576|"Rr1") (dim=4|id=302|"Rr2") 
{norm=2.06 (Dense Cplx)}
(1,1) 1.530555+0.000000i
(2,1) -0.901028-0.000000i
(1,2) -0.901028-0.000000i
(2,2) 0.530429+0.000000i

VL = 
ITensor ord=2: (dim=4|id=679|"Ll1") (dim=4|id=648|"Ll2") 
{norm=2.06 (Dense Cplx)}
(1,1) 1.530429+0.000000i
(2,1) 0.901098-0.000000i
(1,2) 0.901098-0.000000i
(2,2) 0.530555-0.000000i

eigval = 
ITensor ord=2: (dim=4|id=352|"Link")' (dim=4|id=352|"Link") 
{norm=2.06 (Diag Cplx)}
(1,1) 2.060984+0.000000i

X = 
ITensor ord=2: (dim=4|id=688) (dim=4|id=352|"Link")' 
{norm=1.44 (Dense Cplx)}
(1,1) 1.237156+0.000000i
(2,1) -0.728306-0.000000i

X_inv = 
ITensor ord=2: (dim=4|id=479) (dim=4|id=352|"Link")' 
{norm=221395480.20 (Dense Cplx)}
(1,1) 0.600274+0.000000i
(2,1) -0.353378+0.000000i
(1,2) 0.000012+22360873.991492i
(2,2) 0.000003+37983908.081441i
(3,2) 0.000005+15650104.996459i
(4,2) 0.000004+9228552.354497i
(1,3) -0.000009-17959428.452068i
(2,3) -0.000002-30507272.648562i
(3,3) 0.000003+108148498.088324i
(4,3) -0.000022-1419487.246379i
(1,4) -0.000008-12073134.128345i
(2,4) -0.000004-20508358.356675i
(3,4) 0.000004-80967611.131741i
(4,4) 0.000009+163308377.035285i

eigval = 
ITensor ord=2: (dim=4|id=180|"Link")' (dim=4|id=180|"Link") 
{norm=2.06 (Diag Cplx)}
(1,1) 2.060984-0.000000i

Y = 
ITensor ord=2: (dim=4|id=57) (dim=4|id=180|"Link")' 
{norm=1.44 (Dense Cplx)}
(1,1) 1.237105-0.000000i
(2,1) 0.728392-0.000000i

lambda immediately before svd
lambda = 
ITensor ord=2: (dim=4|id=625|"CMB,Link") (dim=4|id=338|"CMB,Link") 
{norm=1.01 (Dense Real)}
(1,1) 0.7154164
(2,2) 0.0067228
(3,3) 0.7154164
(4,4) 0.0067228

bond dimension is 1
lambda after svd
lambda = 
ITensor ord=2: (dim=1|id=288|"U,Link") (dim=1|id=870|"V,Link") 
{norm=1.09 (Diag Real)}
(1,1) 1.0913728

Gamma = 
ITensor ord=3: (dim=10|id=637|"CMB,Link") (dim=10|id=415|"CMB,Link") (dim=2|id=105|"down") 
{norm=1.57 (Dense Cplx)}
(1,1,1) 1.545886+0.000000i
(1,1,2) 0.265232+0.000000i

ending canonicalization
lambda after combining
lambda = 
ITensor ord=2: (dim=2|id=777|"CMB,Link") (dim=2|id=606|"CMB,Link") 
{norm=1.54 (Dense Real)}
(1,1) 1.0913728
(2,2) 1.0913728

starting canonicalization
R = 
ITensor ord=4: (dim=2|id=378|"Rl1") (dim=2|id=123|"Rr1") (dim=2|id=500|"Rl2") (dim=2|id=969|"Rr2") 
{norm=0.73 (Dense Cplx)}
(1,1,1,1) 0.732556+0.000000i

L = 
ITensor ord=4: (dim=2|id=914|"Lr1") (dim=2|id=15|"Ll1") (dim=2|id=621|"Lr2") (dim=2|id=638|"Ll2") 
{norm=0.73 (Dense Cplx)}
(1,1,1,1) 0.732556+0.000000i

VR = 
ITensor ord=2: (dim=2|id=123|"Rr1") (dim=2|id=969|"Rr2") 
{norm=1.00 (Dense Cplx)}
(1,1) 1.000000+0.000000i

VL = 
ITensor ord=2: (dim=2|id=15|"Ll1") (dim=2|id=638|"Ll2") 
{norm=1.00 (Dense Cplx)}
(1,1) 1.000000+0.000000i

VR = 
ITensor ord=2: (dim=2|id=123|"Rr1") (dim=2|id=969|"Rr2") 
{norm=1.00 (Dense Cplx)}
(1,1) 1.000000-0.000000i

VL = 
ITensor ord=2: (dim=2|id=15|"Ll1") (dim=2|id=638|"Ll2") 
{norm=1.00 (Dense Cplx)}
(1,1) 1.000000+0.000000i

eigval = 
ITensor ord=2: (dim=2|id=220|"Link")' (dim=2|id=220|"Link") 
{norm=1.00 (Diag Real)}
(1,1) 1.0000000

X = 
ITensor ord=2: (dim=2|id=296) (dim=2|id=220|"Link")' 
{norm=1.00 (Dense Cplx)}
(1,1) 1.000000+0.000000i

X_inv = 
ITensor ord=2: (dim=2|id=270) (dim=2|id=220|"Link")' 
{norm=189812531.25 (Dense Cplx)}
(1,1) 1.000000+0.000000i
(2,2) 189812531.248503+0.000000i

eigval = 
ITensor ord=2: (dim=2|id=510|"Link")' (dim=2|id=510|"Link") 
{norm=1.00 (Diag Real)}
(1,1) 1.0000000

Y = 
ITensor ord=2: (dim=2|id=193) (dim=2|id=510|"Link")' 
{norm=1.00 (Dense Cplx)}
(1,1) 1.000000+0.000000i

lambda immediately before svd
lambda = 
ITensor ord=2: (dim=2|id=777|"CMB,Link") (dim=2|id=606|"CMB,Link") 
{norm=1.54 (Dense Real)}
(1,1) 1.0913728
(2,2) 1.0913728

bond dimension is 1
lambda after svd
lambda = 
ITensor ord=2: (dim=1|id=523|"U,Link") (dim=1|id=177|"V,Link") 
{norm=1.09 (Diag Real)}
(1,1) 1.0913728

Gamma = 
ITensor ord=3: (dim=20|id=8|"CMB,Link") (dim=20|id=251|"CMB,Link") (dim=2|id=105|"down") 
{norm=0.78 (Dense Cplx)}
(1,1,1) 0.772943+0.000000i
(1,1,2) 0.132616+0.000000i

ending canonicalization
lambda after combining
lambda = 
ITensor ord=2: (dim=2|id=177|"CMB,Link") (dim=2|id=688|"CMB,Link") 
{norm=1.54 (Dense Real)}
(1,1) 1.0913728
(2,2) 1.0913728

starting canonicalization
R = 
ITensor ord=4: (dim=2|id=580|"Rl1") (dim=2|id=732|"Rr1") (dim=2|id=261|"Rl2") (dim=2|id=620|"Rr2") 
{norm=0.18 (Dense Cplx)}
(1,1,1,1) 0.183139+0.000000i

L = 
ITensor ord=4: (dim=2|id=942|"Lr1") (dim=2|id=56|"Ll1") (dim=2|id=754|"Lr2") (dim=2|id=165|"Ll2") 
{norm=0.18 (Dense Cplx)}
(1,1,1,1) 0.183139+0.000000i

VR = 
ITensor ord=2: (dim=2|id=732|"Rr1") (dim=2|id=620|"Rr2") 
{norm=1.00 (Dense Cplx)}
(1,1) 1.000000+0.000000i

VL = 
ITensor ord=2: (dim=2|id=56|"Ll1") (dim=2|id=165|"Ll2") 
{norm=1.00 (Dense Cplx)}
(1,1) 1.000000+0.000000i

VR = 
ITensor ord=2: (dim=2|id=732|"Rr1") (dim=2|id=620|"Rr2") 
{norm=1.00 (Dense Cplx)}
(1,1) 1.000000+0.000000i

VL = 
ITensor ord=2: (dim=2|id=56|"Ll1") (dim=2|id=165|"Ll2") 
{norm=1.00 (Dense Cplx)}
(1,1) 1.000000-0.000000i

eigval = 
ITensor ord=2: (dim=2|id=179|"Link")' (dim=2|id=179|"Link") 
{norm=1.00 (Diag Cplx)}
(1,1) 1.000000+0.000000i

X = 
ITensor ord=2: (dim=2|id=327) (dim=2|id=179|"Link")' 
{norm=1.00 (Dense Cplx)}
(1,1) 1.000000+0.000000i

X_inv = 
ITensor ord=2: (dim=2|id=101) (dim=2|id=179|"Link")' 
{norm=189812531.25 (Dense Cplx)}
(1,1) 1.000000+0.000000i
(2,2) 0.000194-189812531.248503i

eigval = 
ITensor ord=2: (dim=2|id=510|"Link")' (dim=2|id=510|"Link") 
{norm=1.00 (Diag Cplx)}
(1,1) 1.000000-0.000000i

Y = 
ITensor ord=2: (dim=2|id=389) (dim=2|id=510|"Link")' 
{norm=1.00 (Dense Cplx)}
(1,1) 1.000000-0.000000i

lambda immediately before svd
lambda = 
ITensor ord=2: (dim=2|id=177|"CMB,Link") (dim=2|id=688|"CMB,Link") 
{norm=1.54 (Dense Real)}
(1,1) 1.0913728
(2,2) 1.0913728

bond dimension is 1
lambda after svd
lambda = 
ITensor ord=2: (dim=1|id=582|"U,Link") (dim=1|id=812|"V,Link") 
{norm=1.09 (Diag Real)}
(1,1) 1.0913728

Gamma = 
ITensor ord=3: (dim=40|id=149|"CMB,Link") (dim=40|id=490|"CMB,Link") (dim=2|id=105|"down") 
{norm=0.39 (Dense Cplx)}
(1,1,1) 0.386472+0.000000i
(1,1,2) 0.066308+0.000000i

ending canonicalization
